Global time spent: 7206.28
I(P) = 1746.44
Clustering configuration: 
 Partition 0 (111): [ 13 29 41 45 72 76 80 81 102 105 113 117 124 129 138 140 155 157 162 166 169 196 210 211 225 240 241 244 255 256 257 271 276 280 283 285 295 300 301 309 310 325 331 340 344 348 351 353 354 357 366 369 375 376 379 389 397 398 401 405 419 426 441 452 463 477 479 483 493 494 506 510 515 516 517 538 539 540 541 544 546 563 570 573 574 596 598 607 616 620 640 645 648 651 653 663 666 693 701 704 705 721 724 748 749 750 755 756 757 766 776 ] 
 Partition 1 (665): [ 0 1 2 3 4 5 6 7 8 9 10 11 12 14 15 16 17 18 19 20 21 22 23 24 25 26 27 28 30 31 32 33 34 35 37 38 39 40 42 43 44 46 47 48 49 50 51 52 53 54 55 56 57 58 59 60 61 62 63 64 65 66 67 68 69 70 71 73 74 75 77 78 79 82 83 84 85 86 87 88 89 90 91 92 93 94 95 96 97 98 99 100 101 103 104 106 107 108 109 110 111 112 114 115 116 118 119 120 121 122 123 125 126 127 128 130 131 132 133 134 135 136 137 139 141 142 143 144 145 146 147 148 149 150 151 152 153 154 156 158 159 160 161 163 164 165 167 168 170 171 172 173 174 175 176 177 178 179 180 181 182 183 184 185 186 187 188 189 190 191 192 193 194 195 197 198 199 200 201 202 203 204 205 206 207 208 209 212 213 214 215 216 217 218 219 220 221 222 223 224 226 227 228 229 230 231 232 233 234 235 236 237 238 242 243 245 246 247 248 249 250 251 252 253 254 258 259 260 261 262 263 264 265 266 267 268 269 270 272 273 274 275 277 278 279 281 282 284 286 287 288 289 290 291 292 293 294 296 297 298 299 302 303 304 305 306 307 308 311 312 313 314 315 316 317 318 319 320 321 322 323 324 326 327 328 329 330 332 333 334 335 336 337 338 339 341 342 343 345 346 347 349 350 352 355 356 358 359 360 361 362 363 364 365 367 368 370 371 372 373 374 377 378 380 381 382 383 384 385 386 387 388 390 391 392 393 394 395 396 399 400 402 403 404 406 407 408 409 410 411 412 413 414 415 416 417 418 420 421 422 423 424 425 427 428 429 430 431 432 433 434 435 436 437 438 439 440 442 443 444 445 446 447 448 449 450 451 453 454 455 456 457 458 459 460 461 462 464 465 466 467 468 469 470 471 472 473 474 475 476 478 480 481 482 484 485 486 487 488 489 490 491 492 495 496 497 498 499 500 501 502 503 504 505 507 508 509 511 512 513 514 518 519 520 521 522 523 524 525 526 527 528 529 530 531 532 533 534 535 536 537 542 543 545 547 548 549 550 551 552 553 554 555 556 557 558 559 560 561 562 564 565 566 567 568 569 571 572 575 576 577 578 579 580 581 582 583 584 585 586 587 588 589 590 591 592 593 594 595 597 599 600 601 602 603 604 605 606 608 609 610 611 612 613 614 615 617 618 619 621 622 623 624 625 626 627 628 629 630 631 632 633 634 635 636 637 638 639 641 642 643 644 646 647 649 650 652 654 655 656 657 658 659 660 661 662 664 665 667 668 669 670 671 672 673 674 675 676 677 678 679 680 681 682 683 684 685 686 687 688 689 690 691 692 694 695 696 697 698 699 700 702 703 706 707 708 709 710 711 712 713 714 715 716 717 718 719 720 722 723 725 726 727 728 729 730 731 732 733 734 735 736 737 738 739 740 741 742 743 744 745 746 747 751 752 753 754 758 759 760 761 762 763 764 765 767 768 769 770 771 772 773 774 775 777 ] 
 Partition 2 (2): [ 36 239 ] 

Imbalance analysis (out edges contribution):
Vertex,PositiveSum,NegativeSum
0,0.444444,1.55555
1,0.111111,0.666666
2,0,0.666666
3,10.8889,7.99999
4,1.33333,0
5,0,0.111111
6,0.444444,4.88888
7,0.111111,0.333333
8,0.111111,0.444444
9,0.111111,0.666666
10,0.111111,0.888888
11,0,0.111111
12,0.111111,0.555555
13,56.3333,0.222222
14,0.777777,0.333333
15,0,0.666666
16,0,0.666666
17,4.44444,1.55555
18,0,0.666666
19,2.55555,0.333333
20,0.111111,0.555555
21,0.111111,0.555555
22,0,0.111111
23,0,0.111111
24,18.2222,6.66666
25,0,0
26,0.111111,0.666666
27,1.11111,13.2222
28,1.22222,0.444444
29,12.5555,0.555555
30,0.111111,0
31,1.22222,0.444444
32,1.11111,0
33,11.8889,10.2222
34,1.55555,0.777777
35,4.33333,0.555555
36,20.7778,0
37,0.222222,1.33333
38,0.111111,0.555555
39,3.33333,2.55555
40,0.111111,0.555555
41,6.99999,0.444444
42,0,1.11111
43,2.66666,0
44,0.111111,0.555555
45,21.5555,0.222222
46,1.77778,9.88888
47,0.111111,0.222222
48,0,1.77778
49,1.44444,2.55555
50,0.666666,0
51,0.111111,0.444444
52,0,0.555555
53,0.555555,1.44444
54,0.666666,0.222222
55,0.222222,2.44444
56,0.111111,19.3333
57,0,1.11111
58,5.99999,1.44444
59,0.333333,3.11111
60,0,0.111111
61,0.666666,7.55555
62,0,0.111111
63,0.999999,0
64,1.22222,0.333333
65,0.111111,1.33333
66,2.66666,0
67,0.888888,0.222222
68,0,0.222222
69,2.66666,0
70,3.66666,0.666666
71,0,0
72,4.77777,0.444444
73,2.55555,0.555555
74,0.111111,0.555555
75,4.11111,7.33333
76,4.77777,0.222222
77,0,0.555555
78,3.44444,1.11111
79,0.555555,0.999999
80,2.77778,0.111111
81,2.77778,0.111111
82,0.111111,0.555555
83,0.555555,0.777777
84,0,0.111111
85,0.444444,0.111111
86,0,0.111111
87,0,0.111111
88,3.33333,2.22222
89,0.111111,0.555555
90,0.111111,0.555555
91,0,0.666666
92,0,0.111111
93,5.77777,0
94,0,0.555555
95,4.77777,0
96,0,0.111111
97,4,1.44444
98,0,0.111111
99,0,0.111111
100,0.111111,0.555555
101,0.888888,0
102,20.8889,0.555555
103,0.111111,1.22222
104,0.999999,0
105,1.88889,0
106,0.777777,0.555555
107,0,0.111111
108,0.111111,0.333333
109,0,0.555555
110,0.111111,0.111111
111,0.111111,0.555555
112,0.111111,0.555555
113,2.77778,0.111111
114,0,0.111111
115,0,1.11111
116,0.111111,0.555555
117,7.66666,0.555555
118,0,0.666666
119,9.66666,4.33333
120,3.44444,0.666666
121,0,0.111111
122,0.888888,0
123,1.66666,0
124,4,0.222222
125,0.111111,0.333333
126,0.222222,2.33333
127,0.111111,6.44444
128,0,0.555555
129,3.77777,0
130,0.333333,0.222222
131,0.888888,0.222222
132,0,0.111111
133,0.666666,0.222222
134,0.111111,0.777777
135,0,0.555555
136,0.555555,0
137,1.11111,0.888888
138,7.66666,0.666666
139,25.1111,16.1111
140,15.3333,0.888888
141,0.666666,2.22222
142,0,0.111111
143,2.44444,0.111111
144,1.11111,0
145,1.11111,0.444444
146,0.111111,0.111111
147,0.111111,0.444444
148,1.11111,0
149,0.999999,0
150,1.33333,0.333333
151,0.555555,0
152,0.888888,0.222222
153,0.444444,4
154,2.33333,0.111111
155,2.33333,0.333333
156,0.111111,1.11111
157,2,0.111111
158,6.22222,1.22222
159,2.11111,0
160,2.44444,0.111111
161,0.999999,0
162,37.1111,0
163,0.555555,0
164,0,0.111111
165,3.55555,1.22222
166,2.11111,0.555555
167,0,0.111111
168,3.11111,0.666666
169,2.44444,1.44444
170,1.11111,0
171,0.999999,0.111111
172,0,11.5555
173,0.888888,0
174,0,0.111111
175,0.111111,0.333333
176,0.222222,0.444444
177,0,0
178,2.88889,2
179,0.111111,0.555555
180,0.444444,2.11111
181,1.11111,0.444444
182,3.44444,1.22222
183,0.111111,0.333333
184,8.99999,21
185,0.555555,0.111111
186,0.111111,0.222222
187,1.11111,0.999999
188,2.33333,0
189,0.555555,0.333333
190,0,0
191,1.11111,0.333333
192,0.888888,0.999999
193,0.111111,0.111111
194,0.333333,0.111111
195,0.111111,0.333333
196,2.55555,0.111111
197,0.111111,0
198,0.888888,0.222222
199,0,0
200,8.77777,5
201,0,0
202,0,0
203,5.66666,0.999999
204,0,0
205,0,0
206,0.111111,1.11111
207,0,0
208,0.111111,0.555555
209,0,0.333333
210,5.22222,1.77778
211,2.44444,0.111111
212,4.44444,0.444444
213,5.66666,0.999999
214,4.11111,0.555555
215,0.111111,0
216,0,0
217,1.44444,18.8889
218,0.999999,0
219,2.33333,0
220,0.444444,0.888888
221,0.444444,0.888888
222,0.777777,0.111111
223,0.666666,0.111111
224,0,2.33333
225,2.44444,0.111111
226,0,0
227,1.11111,0
228,19.3333,12.5555
229,0,0
230,0.222222,1.44444
231,0.777777,0.111111
232,0,0
233,0.444444,1.33333
234,0.111111,0.222222
235,0.999999,0
236,0.333333,0.111111
237,0,0
238,1.55555,0
239,24,0
240,4.77777,1.77778
241,2.11111,0.111111
242,1.33333,0
243,0,0.333333
244,24.7778,0.222222
245,0.111111,0.555555
246,0,0
247,3,0.999999
248,0,0.444444
249,0,0
250,0,0
251,0.222222,0.777777
252,0.111111,2.44444
253,0.555555,0.444444
254,0,5.33333
255,23.7778,0.666666
256,3,0.111111
257,0.555555,0
258,0.222222,1.44444
259,0.444444,1.11111
260,0.777777,0.111111
261,0.777777,0
262,7.44444,4.44444
263,5.66666,0.222222
264,0.666666,0.111111
265,4,0.111111
266,7.88888,3.88889
267,0,0
268,1.44444,0.333333
269,0.111111,0.888888
270,0,0.888888
271,4.22222,0.333333
272,0.777777,0
273,0,0.888888
274,0,1.66667
275,0,0.444444
276,6.11111,1.11111
277,0.111111,0.444444
278,0,0.444444
279,0,0.222222
280,4.11111,0
281,0.555555,0
282,0.111111,0.333333
283,3,1.44444
284,0.555555,0.222222
285,3.66666,0.222222
286,23.2222,12.1111
287,0,0.666666
288,0.999999,0
289,0,0.666666
290,0.666666,2.66666
291,0.111111,0.333333
292,0.111111,0
293,0.111111,0.111111
294,6.77778,3.22222
295,0.888888,3
296,0.666666,0.111111
297,0,0
298,0.222222,4.66666
299,0.666666,0.111111
300,11.2222,0.111111
301,3.22222,0.222222
302,0,0.222222
303,0,0.333333
304,0,0
305,0,0
306,0.111111,1.66666
307,0,0
308,0,0
309,1.66666,0.111111
310,2.55555,0.444444
311,0,0
312,0.666666,1.22222
313,0.555555,0.222222
314,0,0
315,0,1.33333
316,2.22222,1.55555
317,0,0
318,0.555555,0.111111
319,0,0
320,6.66666,2.88889
321,0,0
322,0.555555,2.22222
323,3.44444,0.555555
324,0.111111,0.333333
325,39.1111,0.111111
326,0,0
327,6.44444,4.33333
328,1.77778,0
329,2.33333,0.333333
330,6.44444,4.33333
331,19.2222,0.111111
332,3.88889,0.777777
333,0.444444,0.333333
334,2.11111,0.111111
335,4.88889,1.55555
336,3.44444,0.111111
337,4,0.333333
338,0,0.333333
339,1.55555,0
340,1.66666,0.111111
341,6.11111,2.77778
342,0.666666,0
343,5,0.555555
344,26,0.666666
345,1.33333,0
346,1.33333,0
347,0,0.666666
348,4.33333,1.11111
349,2.88889,1.33333
350,0.555555,0.222222
351,4.77777,0
352,0,0.222222
353,27.8889,0.111111
354,1.66666,0
355,0,0
356,0.111111,2.33333
357,3,0.222222
358,0,0.222222
359,0,0
360,0,0.666666
361,0,0.222222
362,0.111111,0.111111
363,0.333333,0.111111
364,1.11111,0
365,0.888888,0.222222
366,2.66666,0.444444
367,0.444444,0
368,0.333333,0.555555
369,9.44444,0.111111
370,1.55555,0.333333
371,1.55555,0
372,0,0
373,4.55555,2.77778
374,0,3.22222
375,2.11111,1.11111
376,2.33333,0.999999
377,1.11111,0
378,0,2
379,1.66666,0.111111
380,0,0
381,0,0.222222
382,0.333333,0.555555
383,0,0
384,0.555555,0
385,0,0
386,0,0.222222
387,0,0.222222
388,0,0
389,1.66666,0.111111
390,3.11111,0.666666
391,0,0.999999
392,0.444444,0.222222
393,0,3.55555
394,0,0
395,0,0
396,0.444444,0
397,3.22222,0
398,1.66666,0.111111
399,6.55555,1.44444
400,0,0
401,6.11111,0
402,0,0.222222
403,0.333333,0
404,2.88889,0.555555
405,1.55555,0.111111
406,0.222222,0
407,0.444444,0.222222
408,0,0
409,0,0
410,0,0
411,0.333333,0
412,3.33333,1.22222
413,0.222222,5.11111
414,0,0.666666
415,0.111111,0.333333
416,0.444444,7.55555
417,0.111111,1.55555
418,1.11111,0
419,1.77778,0
420,0,0.333333
421,0.111111,3.22222
422,0.111111,0.111111
423,1.66667,0.111111
424,0,0.333333
425,0,0
426,2,0.111111
427,0,0.777777
428,1.11111,0
429,0,0
430,0,0.333333
431,0,0
432,0,0
433,0,0
434,0,0
435,0,0
436,0.111111,0.111111
437,0,0
438,0.333333,0
439,0,1.66666
440,0.444444,0
441,2,0.111111
442,0,0.222222
443,0,0
444,0,0
445,0,0.222222
446,0,0.333333
447,0.111111,0.444444
448,1.11111,0
449,0.111111,1.33333
450,0,0
451,1.66667,0.111111
452,1.55555,0.111111
453,0.222222,0
454,0.222222,0
455,0,0.555555
456,0,0.222222
457,0,0
458,0,0
459,0.444444,0.111111
460,2.88889,0.222222
461,3,0.666666
462,0,0.333333
463,0.666666,0
464,0.333333,0
465,0,0
466,0.444444,0
467,0,1.88889
468,0.333333,0
469,0.333333,0
470,0,0
471,8.44444,6.22222
472,0,0.333333
473,0.111111,0.444444
474,0,0.222222
475,0,0.222222
476,0,0.222222
477,1.44444,0.111111
478,1.66667,0.111111
479,5.55555,1.22222
480,1.11111,1.22222
481,0.222222,0
482,0,0.222222
483,21,0.111111
484,0,0.222222
485,0,0.333333
486,0,0.333333
487,2.44444,1.11111
488,0,0.222222
489,0.111111,0.111111
490,0.111111,0
491,2.44444,0.222222
492,1.33333,0.111111
493,0.666666,0
494,1.44444,0.111111
495,0,0.444444
496,0,0
497,7.55555,6.88888
498,1.77778,0.555555
499,1.22222,0.333333
500,0,0
501,0,0
502,0.111111,0
503,0,0
504,0,0.111111
505,0,0.222222
506,3.22222,0.555555
507,8.22222,7.99999
508,0.333333,0.111111
509,2.11111,0.111111
510,2.33333,0.333333
511,0,0.111111
512,0,0
513,0,0.111111
514,0,0
515,5.55555,0.111111
516,1.44444,0.111111
517,20.4444,0.333333
518,0,0
519,0,0
520,0,0
521,1.66666,0.222222
522,0,0.111111
523,0.777777,0.222222
524,0,0
525,0,0
526,0.222222,0
527,0,0.333333
528,0,0.111111
529,0.222222,0
530,0,0
531,0,0.111111
532,0,0.333333
533,0,0.111111
534,0.777777,0.333333
535,0,0
536,0,0
537,0,0.444444
538,2.33333,0.333333
539,1.11111,0.111111
540,1.44444,0.111111
541,3.55555,0.222222
542,0.222222,2
543,1.33333,0.444444
544,4.66666,0.333333
545,0,0.777777
546,0.777777,0
547,0,0.111111
548,1.66666,0
549,0.555555,0.444444
550,0,0
551,0,0
552,0,0.111111
553,0.333333,0
554,0,0.333333
555,1.22222,0.222222
556,0,0
557,0.888888,1.22222
558,0,0
559,0,0
560,0,0.111111
561,0.333333,0
562,0,0.333333
563,0.444444,0.999999
564,0.666666,0
565,0.222222,0
566,0.222222,0
567,0,0.444444
568,0,0
569,1.66666,0
570,1.22222,0.777777
571,3.44444,0.666666
572,0,0.111111
573,5.99999,0
574,2.44444,1.55555
575,0,0.111111
576,0,0.222222
577,0.333333,0
578,0.777777,0
579,0,0.111111
580,0,0.111111
581,0.222222,0.333333
582,0,0.111111
583,0,0.111111
584,0,0.444444
585,0,0
586,0.333333,0.333333
587,0.222222,0.333333
588,0.444444,0.111111
589,0,0.111111
590,0.111111,0.111111
591,0,0
592,0.333333,0.222222
593,0.444444,0.111111
594,0,0.111111
595,0,0.111111
596,1.11111,0.666666
597,0.222222,0
598,0.999999,0
599,0,0
600,0,0.111111
601,0.222222,0
602,0,0.444444
603,0.555555,0
604,0,0
605,0.222222,0
606,2.77778,0.111111
607,0.888888,0
608,0,0.111111
609,0,0
610,0.888888,0
611,0,1.44444
612,0,0
613,0.222222,0
614,0,0
615,0,0
616,0.555555,0
617,0,0.111111
618,0,0
619,0,0
620,0.777777,0
621,0,0
622,0,0.666666
623,0,0.111111
624,0.111111,0.111111
625,1.22222,0.999999
626,0.222222,0
627,0.111111,0.111111
628,0,0.111111
629,0,0
630,1.44444,0
631,0.222222,0
632,1.77778,0.111111
633,0,0
634,0.444444,0
635,0,0.222222
636,0.111111,0
637,0,0.111111
638,1.11111,0.444444
639,0,0.444444
640,0.666666,0.111111
641,0,0.555555
642,0,0.111111
643,0,0
644,0.333333,0.222222
645,1.11111,0
646,0.888888,0.222222
647,0.888888,0.222222
648,2,0.111111
649,0.888888,0
650,0,0
651,6.22222,0
652,0,0.111111
653,6.22222,0
654,0.333333,0.222222
655,0,0
656,0,0
657,0,0
658,0,0
659,0,0
660,0,0.111111
661,0,0.111111
662,1.33333,2.66666
663,0.777777,0
664,0.111111,0
665,0,0
666,0.777777,0
667,0,0
668,0,0
669,0,0.222222
670,0,0
671,0.333333,0.111111
672,0,0.111111
673,0,0
674,0,0
675,0.111111,0.666666
676,0,0
677,0,0.444444
678,0.666666,0.333333
679,0.222222,0
680,0,0
681,0,0
682,0,0.222222
683,0,0
684,0,0
685,0,0
686,0,0.111111
687,0.111111,0.888888
688,0,1.22222
689,0,0
690,0.111111,0.111111
691,0.333333,0.999999
692,0,0.111111
693,0.666666,0
694,0,0
695,0,0
696,0.111111,0.555555
697,0,0
698,0,0
699,1.77778,1.77778
700,0.111111,0
701,0.888888,0
702,0,0
703,0,0.111111
704,0.666666,0
705,0.555555,0
706,0,0
707,0,0.111111
708,0,0
709,0,0.111111
710,0.111111,0
711,1.11111,0.222222
712,0,0
713,0,0.111111
714,0.444444,0
715,0.111111,0
716,0,0
717,0,0
718,0.333333,0
719,0.111111,0.111111
720,0,0
721,0,0
722,0,0
723,0,0
724,0.111111,0
725,0,0
726,0,0
727,0,0.111111
728,0.555555,0.333333
729,0,0
730,0,0
731,0,0
732,0.111111,0
733,0,0
734,0,0
735,0,0
736,0,0
737,0,0.222222
738,0,0
739,0,0.111111
740,0,0
741,0,0
742,0,0
743,0,0
744,0.555555,0
745,0,0
746,0,0
747,0,0
748,0.111111,0
749,0,0
750,0.444444,0
751,0,0
752,0,0
753,0,0
754,0,0.111111
755,0.333333,0
756,0.555555,0
757,0.111111,0
758,0.222222,0.222222
759,0.111111,0.111111
760,0,0
761,0,0
762,0,0
763,0,0
764,0,0
765,0,0
766,0.111111,0
767,0,0.111111
768,0,0
769,0,0
770,0,0
771,0,0
772,0,0
773,0,0
774,0,0
775,0,0
776,0,0
777,0,0
Imbalance analysis (in edges contribution):
Vertex,PositiveSum,NegativeSum
0,0,0
1,0,0
2,0,0
3,0,0
4,0,0
5,0,0
6,0,0.222222
7,0,0
8,0,0
9,0,0
10,0,0
11,0,0
12,0,0
13,0.444444,0
14,0,0
15,0,0.111111
16,0,0.111111
17,0.111111,0.111111
18,0,0
19,0.111111,0
20,0,0
21,0,0
22,0,0
23,0,0
24,0.777778,0.111111
25,0,0
26,0,0
27,0,0.333333
28,0.111111,0
29,0.555555,0
30,0,0
31,0.111111,0
32,0.111111,0
33,0.555555,0.777777
34,0.222222,0
35,0.555555,0
36,0.333333,0
37,0,0.111111
38,0,0
39,0.222222,0
40,0,0
41,0.999999,0
42,0,0.222222
43,0.222222,0
44,0,0
45,2.11111,0
46,0.333333,0.666666
47,0,0
48,0,0.111111
49,0.444444,0.111111
50,0.111111,0
51,0,0
52,0,0.111111
53,0.222222,0.111111
54,0.111111,0.111111
55,0,0.222222
56,0,1.33333
57,0,0.222222
58,0.666666,0.555555
59,0,0.555555
60,0,0
61,0,0.999999
62,0,0
63,0.222222,0
64,0.333333,0.111111
65,0,0
66,0.222222,0
67,0.111111,0
68,0,0
69,0.222222,0
70,0.444444,0.333333
71,0,0
72,1.11111,0
73,0.555555,0.333333
74,0,0
75,0.333333,0.777777
76,0.333333,0
77,0,0.111111
78,0.333333,0
79,0.111111,0
80,0.111111,0
81,0.111111,0
82,0,0
83,0.111111,0.333333
84,0,0
85,0,0
86,0,0
87,0,0
88,0.222222,0.333333
89,0,0
90,0,0.111111
91,0,0
92,0,0
93,0.333333,0.111111
94,0,0.222222
95,0.333333,0.111111
96,0,0
97,0.555555,0.222222
98,0,0
99,0,0
100,0,0
101,0.111111,0
102,2.66667,0
103,0,0.111111
104,0.222222,0
105,0.333333,0
106,0,0.111111
107,0,0
108,0,0
109,0,0.111111
110,0,0
111,0,0.111111
112,0,0
113,0.111111,0
114,0,0
115,0,0.222222
116,0,0
117,1.44444,0
118,0,0
119,1.77778,1.22222
120,0.666666,0.333333
121,0,0
122,0.222222,0
123,0.222222,0
124,0.666666,0
125,0,0
126,0,0.333333
127,0,1.11111
128,0,0.111111
129,0.555555,0
130,0.111111,0
131,0.222222,0.111111
132,0,0
133,0.111111,0.111111
134,0,0.111111
135,0,0.111111
136,0.111111,0
137,0.111111,0.111111
138,0.666666,0
139,4.55555,5.22222
140,4.11111,0.111111
141,0.111111,0.555555
142,0,0
143,0.333333,0
144,0.222222,0
145,0.222222,0
146,0,0
147,0,0.333333
148,0.222222,0
149,0.222222,0
150,0.222222,0
151,0.111111,0
152,0.222222,0.111111
153,0,1.11111
154,0.222222,0
155,0.777777,0
156,0,0.222222
157,0.333333,0
158,1.22222,0.777777
159,0.666666,0
160,0.333333,0.111111
161,0.222222,0
162,5.88888,0
163,0.333333,0
164,0,0
165,0.999999,0.444444
166,1.11111,0
167,0,0
168,0.999999,0.333333
169,0.777777,0
170,0.222222,0
171,0.222222,0
172,0,2.77777
173,0.111111,0
174,0,0
175,0,0
176,0,0.111111
177,0,0
178,0.666666,0.555555
179,0,0
180,0.111111,0.777777
181,0.222222,0
182,1.11111,0.444444
183,0,0
184,3.11111,8.77777
185,0,0
186,0,0.444444
187,0.333333,0.333333
188,0.555555,0
189,0.444444,0.111111
190,0,0.111111
191,0.888888,0
192,0.111111,0
193,0,0
194,0.111111,0
195,0,0
196,0.333333,0
197,0,0
198,0.777777,0
199,0,0.111111
200,3.22222,2.22222
201,0,0.111111
202,0,0.111111
203,1.77778,0.999999
204,0,0.111111
205,0,0.111111
206,0,0.222222
207,0,0.111111
208,0,0
209,0,0.444444
210,1.88889,0.777777
211,0.444444,0
212,0.555555,0.111111
213,1.77778,0.999999
214,0.777777,0
215,0,0
216,0,0.111111
217,1.33333,6.77777
218,0.222222,0
219,0.555555,0
220,0.222222,0.111111
221,0.222222,0.111111
222,0.333333,0.222222
223,0.111111,0.222222
224,0,0.777777
225,0.444444,0
226,0,0.111111
227,0.111111,0
228,5.33333,5.66666
229,0,0
230,0.111111,0.999999
231,0.333333,0.222222
232,0,0.111111
233,0.111111,0.999999
234,0,0.111111
235,0.222222,0
236,0.111111,0
237,0,0
238,0.444444,0
239,10.3333,0
240,2.33333,0.666666
241,0.777777,0
242,0.444444,0
243,0,0.444444
244,11.8889,0
245,0,0.333333
246,0,0.111111
247,0.999999,0.666666
248,0.111111,0.111111
249,0,0.111111
250,0,0
251,0.444444,0.222222
252,0.222222,1.22222
253,0,0.444444
254,0.111111,2.22222
255,8.22222,0.555555
256,0.777777,0.111111
257,0.555555,0
258,0.444444,0.666666
259,0.111111,0.888888
260,0.333333,0.222222
261,0.222222,0
262,3,4.11111
263,2.11111,0.444444
264,0.111111,0.222222
265,0.999999,0.444444
266,2.22222,1.44444
267,0,0.111111
268,0.333333,0.333333
269,0,0.999999
270,0.111111,0.444444
271,1.88889,0
272,0.555555,0.444444
273,0.111111,0.444444
274,0.333333,0.888888
275,0.111111,0.111111
276,3.66666,0.222222
277,0.111111,0.333333
278,0.111111,0.111111
279,0,0.444444
280,2,0
281,0.222222,0
282,0,0
283,1.88889,0.111111
284,0.666666,0.111111
285,1.44444,0
286,10.3333,9.88888
287,0,0.666666
288,0.333333,0
289,0.111111,0.666666
290,0.333333,1.77778
291,0.222222,0.222222
292,0,0.111111
293,0.333333,0
294,3.44444,2.33333
295,0.777777,1.33333
296,0.111111,0.222222
297,0,0.111111
298,0.444444,2.66666
299,0.111111,0.222222
300,5.33333,0.111111
301,1.88889,0
302,0,0.444444
303,0.111111,0.222222
304,0,0.111111
305,0,0.111111
306,0.555555,1.22222
307,0,0.111111
308,0,0.111111
309,1.22222,0
310,2,0
311,0,0.111111
312,0.111111,0.444444
313,0.666666,0.111111
314,0,0.111111
315,0,1.55555
316,1.33333,0.999999
317,0,0.111111
318,0.444444,0
319,0,0.111111
320,3.55555,2.66666
321,0,0
322,0.555555,1.88889
323,1.44444,0
324,0.222222,0.222222
325,27.7778,0.222222
326,0,0
327,4.22222,3.22222
328,1.11111,0
329,1.66666,0.333333
330,4.22222,3.22222
331,13,0.111111
332,2.77777,1.22222
333,0.444444,0.111111
334,1.55555,0.222222
335,3.66667,2
336,2.44444,0
337,2.77777,0.333333
338,0.111111,0.222222
339,1.33333,0
340,1.22222,0
341,4.11111,2.77778
342,0.888888,0.333333
343,3.88889,0.777777
344,22.1111,0.444444
345,1.55555,0
346,1.55555,0
347,0.222222,0.222222
348,5.44444,0.222222
349,2.88889,0.222222
350,0.555555,0.111111
351,3.33333,0
352,0.111111,0.111111
353,25.6666,0.111111
354,1.55555,0
355,0,0.111111
356,0.333333,2.77778
357,2.11111,0
358,0,0.444444
359,0,0.111111
360,0.111111,0.666666
361,0,0.444444
362,0.222222,0.111111
363,0.666666,0
364,1.77778,0
365,1.44444,0
366,2.33333,0
367,0.888888,0.444444
368,0.666666,0.444444
369,6.88888,0.111111
370,3.22222,0.555555
371,2.66666,0
372,0.111111,0
373,3.66666,3.22222
374,0.111111,3.77777
375,2.77778,1.55555
376,3.44444,0.777777
377,1.77778,0
378,0.333333,2.33333
379,1.22222,0
380,0.111111,0.111111
381,0.111111,0.111111
382,0.666666,0.444444
383,0,0.111111
384,0.666666,0
385,0,0
386,0,0.444444
387,0,0.444444
388,0,0.111111
389,1.22222,0
390,4.33333,1.33333
391,0,2
392,0.666666,0.111111
393,0.111111,5.66666
394,0,0.111111
395,0,0.111111
396,0.888888,0
397,2.77778,0
398,1.22222,0
399,8.33333,2.22222
400,0,0.111111
401,7.33333,0
402,0,0.444444
403,0.666666,0
404,4.55555,1.44444
405,1.33333,0
406,0.444444,0
407,0.666666,0.111111
408,0,0.111111
409,0,0.111111
410,0.111111,0.111111
411,0.666666,0
412,5.22222,2.33333
413,0.111111,4.88888
414,0.111111,0.666666
415,0.111111,0
416,0.333333,6.88888
417,0.222222,2.11111
418,1.77778,0
419,1.77778,0
420,0.111111,0.222222
421,0.111111,3.44444
422,0,0.555555
423,2.44444,0.888888
424,0.111111,0.222222
425,0,0
426,3.88889,0.333333
427,0.111111,0.777777
428,1.77778,0
429,0,0.111111
430,0.111111,0.222222
431,0,0.111111
432,0,0.111111
433,0,0
434,0.111111,0.111111
435,0,0
436,0,0.555555
437,0,0.111111
438,0.777777,0.333333
439,0.333333,2.66666
440,0.888888,0.444444
441,3.88889,0.333333
442,0,0.444444
443,0.111111,0.333333
444,0,0.111111
445,0,0.444444
446,0,0.333333
447,0.666666,0.555555
448,1.77778,0
449,0.444444,0.666666
450,0,0.111111
451,2.44444,0.888888
452,1.33333,0
453,0.444444,0
454,0.555555,0.444444
455,0,0.777777
456,0.111111,0.111111
457,0,0
458,0,0.111111
459,0.666666,0.888888
460,4.55555,1.77778
461,5.55555,2.88889
462,0,0.333333
463,0.555555,0
464,0.666666,0
465,0,0.111111
466,0.888888,0.444444
467,0.333333,2.44444
468,0.666666,0
469,0.666666,0
470,0,0
471,11.3333,11
472,0.111111,0.555555
473,0,1.44444
474,0.111111,0.111111
475,0.111111,0.333333
476,0.111111,0.333333
477,1.44444,0
478,2.44444,0.888888
479,8.1111,1.33333
480,2.44444,1.33333
481,0.333333,0.222222
482,0,0.444444
483,35.7778,0.111111
484,0.111111,0.333333
485,0.555555,0.888888
486,0.222222,0.777777
487,3.44444,4.11111
488,0.111111,0.333333
489,0.444444,0.333333
490,0.333333,0.111111
491,5,1.77778
492,2.77778,0.888888
493,0.999999,0
494,1.44444,0
495,0.111111,0.888888
496,0,0
497,11,15.3333
498,2.77778,1.11111
499,2.11111,0.444444
500,0,0.111111
501,0,0.111111
502,0.999999,0.333333
503,0,0.111111
504,0.111111,0.222222
505,0.111111,0.333333
506,6.55555,0.777777
507,15.6667,16.3333
508,2,0.222222
509,3.22222,0.333333
510,6.11111,0.333333
511,0.111111,0.444444
512,0.555555,0.222222
513,0.111111,0.777777
514,0,0.111111
515,10.3333,0.111111
516,4.44444,0.333333
517,33.5555,0.333333
518,0,0.111111
519,0.999999,0
520,0,0.111111
521,5.77777,1.77778
522,0,0.555555
523,3.22222,1.44444
524,0,0.666666
525,0,0
526,0.999999,0
527,0,0.444444
528,0.555555,0.444444
529,0.555555,0.333333
530,0,0.111111
531,0.111111,0.444444
532,1.88889,0.666666
533,1.66666,0.111111
534,2.44444,0.888888
535,0.111111,0
536,0,0.111111
537,0,0.999999
538,6.99999,0.333333
539,1.77778,0
540,4.44444,0.333333
541,7.77777,0.666666
542,0.222222,4.11111
543,4.11111,1.22222
544,12.8889,0.222222
545,0.333333,0.999999
546,3.55555,0
547,0.111111,0.444444
548,6.11111,0.666666
549,0.999999,0.666666
550,0,0
551,0,0.111111
552,0.111111,0.444444
553,0.888888,0
554,0,0.444444
555,6.22222,1.77778
556,0.999999,0
557,2.66666,1.33333
558,0,0.111111
559,0.333333,0.222222
560,0.111111,0.444444
561,1.22222,0.333333
562,0,1.55555
563,1.22222,3.33333
564,2,0.222222
565,0.999999,0
566,0.555555,0.333333
567,0,0.888888
568,0.111111,0
569,4.33333,0.222222
570,3.44444,1.55555
571,9.33332,2.55555
572,0.111111,0.555555
573,16.4444,0.222222
574,7.66666,4.22222
575,0.444444,0
576,0.111111,1.66666
577,0.999999,0
578,3.77777,0.222222
579,2.66666,0.444444
580,0,0.555555
581,0.444444,0.777777
582,1.55555,0.222222
583,0.111111,1.22222
584,0,0.888888
585,0,0.111111
586,1.66666,1.22222
587,0.777777,0.666666
588,3.55555,0.888888
589,0.111111,0.555555
590,1.33333,0.888888
591,0,0.111111
592,3.66666,1.44444
593,3.33333,0.888888
594,0.111111,0.222222
595,0.111111,0.444444
596,3.77777,2
597,0.555555,0.555555
598,1.88889,0.111111
599,0,0.111111
600,0.222222,0.444444
601,0.888888,0.333333
602,0.111111,1.44444
603,2.33333,0.111111
604,0,0.444444
605,0.888888,0.333333
606,10.2222,2.11111
607,2,0.111111
608,0.111111,0.222222
609,0,0.111111
610,3.33333,0
611,0.222222,4
612,0.111111,0.333333
613,0.555555,0.333333
614,0,0.111111
615,0,0
616,3.33333,0.111111
617,0.111111,1.22222
618,0,0.111111
619,0.888888,0
620,2,1.33333
621,0,0
622,0.111111,0.999999
623,0.111111,0.444444
624,0.333333,0
625,9.66666,3.66666
626,1.66666,0
627,0.333333,0
628,0.111111,0.444444
629,0,0
630,4.55555,0.222222
631,0.777777,0
632,4.77777,0.333333
633,0,0.111111
634,3.11111,0.555555
635,0.111111,0.555555
636,0.333333,0.111111
637,0.111111,0.555555
638,3.88889,2.55555
639,0.333333,2.11111
640,2.55555,0.444444
641,0,2.44444
642,0.555555,0.333333
643,0,0.111111
644,6.55555,5
645,7.33333,0.666666
646,6.55555,1.77778
647,6.55555,1.77778
648,9.66666,0.777777
649,3.33333,0
650,0.111111,0
651,35.4444,0.222222
652,0.111111,0.444444
653,35.4444,0.222222
654,7.11111,1.77778
655,0.999999,0
656,0,0.111111
657,0,0.111111
658,0,0.111111
659,0.777777,0.333333
660,1.44444,1.22222
661,1.22222,0.222222
662,5.88888,15.8889
663,2.11111,0.111111
664,1.22222,0.444444
665,1.22222,0.333333
666,2.11111,0.111111
667,0.999999,0
668,0,0.111111
669,0,1.66666
670,0,0.111111
671,4.55555,0.444444
672,0.222222,0.666666
673,0,0.111111
674,0,0
675,0.888888,3.77777
676,0.111111,0.555555
677,1.33333,2.77778
678,6.11111,1.66666
679,1.66666,0
680,0.666666,0
681,3.55555,0.555555
682,0.333333,0.888888
683,0.777777,0.333333
684,0.444444,0.222222
685,0.111111,1.33333
686,0.111111,0.222222
687,0.222222,2.77777
688,0.111111,6.33333
689,0.666666,0.999999
690,0.999999,0.888888
691,9.99999,10.2222
692,6.11111,1.77778
693,2.22222,0.111111
694,0,0.111111
695,4,1.66666
696,0.111111,2.22222
697,1.66666,0.222222
698,0,0.111111
699,21.3333,15.4444
700,2.11111,0.111111
701,2.66666,0
702,0.555555,2
703,0.111111,1.77778
704,7.77777,0.666666
705,4.44444,0.444444
706,0,0.111111
707,0.111111,0.555555
708,0,0.111111
709,0.111111,1.77778
710,1.22222,0
711,13.1111,1.77778
712,0,0
713,0.222222,1.66666
714,8.44444,1.33333
715,1.22222,0.444444
716,0.777777,1.11111
717,0.111111,0.888888
718,7.11111,2
719,4.44444,1.55555
720,1.66666,0.222222
721,0.777777,0.111111
722,0,0.111111
723,0.777777,0.333333
724,2.22222,0.111111
725,0,0.111111
726,0,0.666666
727,0.999999,0.888888
728,12.8889,8.33333
729,0,0.111111
730,0,0.111111
731,0,0.111111
732,8.44444,3.55555
733,0,0.111111
734,0,0.111111
735,0.111111,0.555555
736,0,0.666666
737,0.222222,3.88889
738,0.555555,0.111111
739,0,0.666666
740,0,0
741,1.88889,0.333333
742,1.11111,0
743,0.111111,0.555555
744,5.44444,0.222222
745,0.222222,0.777777
746,0.111111,0.333333
747,0.111111,0.555555
748,3.55555,0.888888
749,1.88889,0
750,27.5555,0.333333
751,0,0.111111
752,0,0
753,0.666666,0.999999
754,0.999999,0.888888
755,4.77777,0.222222
756,14.1111,1.11111
757,2.66666,1.33333
758,13.8889,5.44444
759,3.44444,2.44444
760,0,0.666666
761,0.777777,0.333333
762,0,0.111111
763,0,0.111111
764,0,0.111111
765,0,0.111111
766,3.66666,0
767,17,5.55555
768,0.444444,1.77778
769,0.111111,0.333333
770,0.555555,0.888888
771,0,0
772,0,0
773,0,0
774,0,4.22222
775,0,0
776,0,0
777,0,0

Cluster contribution to imbalance analysis (cluster-cluster matrix):
34, 613.444, 3.33333, 
559.222, 484.333, 7.33333, 
21, 23.7778, 0, 

