Global time spent: 420.203
I(P) = 2942.33
Clustering configuration: 
 Partition 0 (111): [ 3 23 32 35 38 47 67 69 72 97 112 114 133 134 143 148 151 155 158 161 174 192 200 204 222 227 230 238 240 246 254 269 277 299 304 306 309 310 311 313 314 320 322 323 329 331 342 346 352 353 366 375 378 390 393 400 415 425 444 451 452 455 461 462 482 483 484 486 487 489 497 503 505 506 508 510 516 529 531 532 548 552 579 588 593 599 600 603 605 606 612 632 641 644 648 650 663 667 669 680 689 696 697 704 711 715 716 726 731 739 755 ] 
 Partition 1 (652): [ 0 1 2 4 5 6 7 8 9 10 11 12 13 14 15 16 17 18 19 20 21 22 24 25 26 27 29 30 31 33 34 36 37 39 40 41 42 43 44 45 46 48 49 50 51 52 53 54 55 56 57 58 59 60 61 62 63 64 65 66 68 70 71 73 74 75 76 77 78 79 80 81 82 83 84 85 86 87 88 89 90 91 92 93 94 95 96 98 99 100 101 102 103 104 105 106 107 108 109 110 111 113 115 116 117 118 119 120 121 122 123 124 125 126 127 128 129 130 131 132 135 136 137 138 139 140 141 142 144 145 146 147 149 150 152 153 154 156 157 159 160 162 163 164 165 167 168 169 170 171 172 173 175 176 177 178 179 180 181 182 183 184 185 186 187 188 189 190 191 193 194 195 196 197 198 199 201 202 203 205 206 207 208 209 210 211 212 213 214 215 216 217 218 219 220 221 223 224 225 226 228 229 231 232 233 234 235 236 237 239 241 242 243 244 245 247 248 249 250 251 252 253 255 256 257 258 259 260 261 262 263 264 265 266 267 268 270 271 272 273 274 275 276 278 279 280 281 282 283 284 285 286 287 288 289 290 291 292 293 294 295 296 297 298 300 301 302 303 305 307 308 312 315 316 317 318 319 321 324 325 326 327 328 330 332 333 334 335 336 337 338 340 341 343 344 345 347 348 349 350 351 354 355 356 357 358 360 362 363 364 365 367 368 369 370 371 372 373 374 376 377 379 380 381 382 383 384 385 386 387 388 389 391 392 394 395 396 397 398 399 401 402 403 404 405 406 407 408 409 410 411 412 413 414 416 417 418 419 420 421 422 423 424 426 427 428 429 430 431 432 433 434 435 436 437 438 439 440 441 442 443 445 446 447 448 449 450 453 454 456 457 458 459 460 463 464 465 466 467 468 469 470 471 472 473 474 475 476 477 478 479 480 481 485 488 490 491 492 493 494 495 496 498 499 500 501 502 504 507 509 511 512 513 514 515 517 518 519 520 521 522 523 524 525 526 527 528 530 533 534 535 536 537 538 539 540 541 542 543 544 545 546 547 549 550 551 553 554 555 556 557 558 559 560 561 562 563 564 565 566 567 568 569 570 571 572 573 574 575 576 577 578 580 581 582 583 584 585 586 587 589 590 591 592 594 595 596 597 598 601 602 604 607 608 609 610 611 613 614 615 616 617 618 619 620 621 622 623 624 625 626 627 628 629 630 631 633 634 635 636 637 638 639 640 642 643 645 646 647 649 651 652 653 654 655 656 657 658 659 660 661 662 664 665 666 668 670 671 672 673 674 675 676 677 678 679 681 682 683 684 685 686 687 688 690 691 692 693 694 695 698 699 700 701 702 705 706 707 708 709 710 712 713 714 717 718 719 720 721 722 723 724 725 727 728 729 730 732 733 734 735 736 737 738 740 741 742 743 744 745 746 747 748 749 750 751 752 753 754 756 757 758 759 760 761 762 763 764 765 766 767 768 ] 
 Partition 2 (6): [ 28 166 339 359 361 703 ] 

Imbalance analysis (out edges contribution):
Vertex,PositiveSum,NegativeSum
0,1.26666,0.366664
1,0.2,0.233333
2,0,0.066667
3,24.1,5.83333
4,8.36666,1.5
5,0.799999,0.699999
6,4.6,1.43333
7,0,0.133333
8,0.033333,0.133333
9,0.066666,0.466667
10,0,0.699999
11,0,0.133333
12,0,0.066666
13,0.299999,1.1
14,7.26666,1.9
15,0.033333,0.1
16,1.9,1.56667
17,1.86667,1.93333
18,2.99999,1.56666
19,0.466667,1.8
20,2.56666,2.4
21,0,0.133333
22,0.099999,0.999996
23,47.2,0
24,0,0.133333
25,0.6,0.833331
26,7.43333,0.466663
27,0.066666,0.166666
28,7.86659,0
29,3.73333,1.96666
30,0.033333,0.066666
31,5.4,2.89999
32,24.5333,0.033333
33,7.96666,2
34,0.399999,0.133333
35,35.9,0
36,0.066666,0.166666
37,0.666665,1.33333
38,0.999998,0
39,0,0.133333
40,0,1.16667
41,0,0.066667
42,1.76666,0.199999
43,0.199999,0.1
44,5.5,0.166665
45,0.899999,12.5333
46,1.03333,3.23333
47,11.1667,0.033333
48,0.3,0.333334
49,0,0.133332
50,2.43333,11
51,1.86667,0.799999
52,5.13333,0.033333
53,6.4,0.933333
54,4.96667,1.06666
55,0,0
56,8.13333,2.1
57,5.66666,0.933328
58,0.366666,6.56667
59,0,0.266667
60,0.466665,4.79999
61,1.66666,0.366664
62,0.633331,0.866666
63,1.39999,7.46659
64,5.9,1.26666
65,0,0.133333
66,0.166667,0.233333
67,15.1,0.133333
68,0.066666,0.266665
69,0.333331,0.066666
70,0.033333,0.233334
71,0,0.133333
72,23.5333,0.7
73,3.53333,1.46666
74,0,0.133333
75,8.39999,2.86666
76,1.83333,2.53333
77,4,1.13333
78,0.266665,0.499997
79,4.7,12.9667
80,0.899997,1.4
81,3.93333,1.3
82,10.3,3.23333
83,0.099999,0.133333
84,4.43333,0.799997
85,1.8,2.53333
86,0,0.133333
87,6.23333,1.13333
88,0.9,0.033333
89,6.1,2.2
90,0,0.166667
91,4.2,0.53333
92,1.33332,7.26659
93,11.9333,2.3
94,0.033333,0.166667
95,0.933331,0.899999
96,11.5667,0.499998
97,10.0333,0.399998
98,0,0.466665
99,6.93333,1.2
100,23.2667,17.1333
101,0,0.033333
102,0,0.1
103,0,0.133333
104,0.4,0.633331
105,0,0.1
106,6.09999,0.833329
107,5.93333,7.6
108,8.43333,2.56666
109,6.8,2.23333
110,14.1333,8.93333
111,1.03333,0.433332
112,1.16667,0.033333
113,0.2,0.566667
114,13.3,0.1
115,0.666665,1.06666
116,0.066666,0.2
117,10.6667,0.933329
118,0,0.899998
119,4,1.1
120,0.033333,0.033333
121,3.16667,2.99999
122,9.6,5.5
123,10.7,7.8
124,3.3,1.16666
125,11.1333,0.233331
126,8.39999,2.63333
127,0.033333,0.066667
128,0.166665,0.133333
129,6.66666,1.7
130,0.066666,0.166666
131,5.36667,3.76666
132,3.06666,0.299997
133,66.5667,0.033333
134,35.9,0
135,3.2,1.66666
136,0,0.066667
137,0.166665,0.233331
138,0.2,1.43333
139,0.066666,0.133333
140,0.066666,0.133333
141,10.3667,2.36666
142,0,0.1
143,12.3,3.7
144,0,0.066667
145,7.49999,3.16666
146,1.96667,0.066666
147,9.93333,0.933329
148,5.26666,0.033333
149,0,0.1
150,2.86666,0.366663
151,9.73333,0
152,0,0.333334
153,0.233333,0.166667
154,5.73333,1.93333
155,15.6333,0
156,1.03333,4.9
157,7.43333,0.733331
158,0.466664,0.066666
159,10.8,2.23333
160,8.93333,33.4333
161,0.099999,0
162,0.066666,0.2
163,1.8,1.86666
164,5.9,0.666665
165,0.066666,0.533335
166,6.39994,0
167,0.333331,0.033333
168,0.233333,0.266666
169,0.166666,0.333332
170,0,0.1
171,5.8,1.53333
172,6.53333,1.73333
173,0,0.1
174,5.53333,0
175,0.733332,0.433332
176,4.9,0.866664
177,0.766664,0.133333
178,0.166667,0.233333
179,0,0.1
180,0,0.233333
181,0.066666,0.1
182,2.8,0.333333
183,0.066666,0.166666
184,0,0.1
185,0.066666,0.166666
186,3.63333,0.63333
187,0,0.066667
188,0,0.133333
189,3.56666,0.999997
190,7.06666,0.899996
191,0.133332,0.266664
192,12.9333,0.066666
193,2.26666,1.03333
194,0,0.066667
195,0,0.066666
196,0.066666,0.266665
197,5.73333,0.199999
198,5.73333,1.13333
199,1.19999,5.99994
200,3.33333,0
201,5.46666,1.3
202,7.59999,2.26666
203,8.53333,2.9
204,0.633327,0
205,0,0.033333
206,1.03333,0.733332
207,2.6,3.69999
208,8.6,0.266664
209,6.96666,1.7
210,0.333332,0.699995
211,3.1,0.733331
212,10.3667,5.53333
213,0.033333,0.033333
214,5.13333,0.699998
215,5.9,1.2
216,11.0333,0.433331
217,0,0.1
218,0,0.2
219,0.466665,0.066667
220,0.099999,0.133333
221,9.43333,1.36667
222,10.7,0
223,3.56666,0.699998
224,5.2,0.799996
225,0.899997,0.266665
226,0,0.333332
227,46.9667,0
228,0.366664,0.066667
229,0.133333,1.9
230,8,0
231,2.93333,6.86667
232,7.9,1.83333
233,0,0.1
234,0,0.1
235,0.133332,0.199998
236,0.133332,0.199998
237,5.56666,1.43333
238,1.73333,0
239,4.06666,0.63333
240,0.466666,0.1
241,1.03333,0.666665
242,1.6,4.13333
243,9.6,0.233331
244,5.5,1.23333
245,5.86666,0.299998
246,11.0333,0
247,7.86666,4.19999
248,1.09999,5.36661
249,0.199998,0.199999
250,0,0.1
251,0.233333,0.2
252,3.03333,0.566665
253,0,0.133334
254,0.2,0.033333
255,4.43333,1.56666
256,0.333333,2.93333
257,0.966667,0.966663
258,0.1,0.1
259,3.83333,0.466664
260,7.36666,1.56667
261,2.66667,3.06666
262,0.033333,0.166667
263,9.8,2.03333
264,0,0.066667
265,2.06666,3
266,2.96666,0.633332
267,0.033333,0.299999
268,0.633333,1.13333
269,47.3667,0.099999
270,6.2,1.33333
271,0,0.1
272,0.066666,0.166666
273,0,0.166666
274,0.399999,0.166665
275,0,0.133333
276,0.033333,0.1
277,6.8,0
278,7,0
279,0.066666,0.2
280,6.76666,2.1
281,4.6,0.733332
282,0.766665,0.166665
283,0.133333,0.066667
284,0.166667,0.233333
285,5.23333,1.4
286,10.0333,3.06666
287,0,0.066667
288,0,0.1
289,3.9,0.966667
290,10.1667,2.06667
291,2.86666,0.566665
292,8.2,1.96667
293,0,0.1
294,0.066666,0.266665
295,3.2,2.36667
296,0.399998,0.299998
297,2.26667,0.299999
298,0.066666,0.133333
299,3.6,0
300,0.133333,0.166666
301,0.4,0.999999
302,7.03333,1.33333
303,0.899999,0.633333
304,43.4,0.099999
305,0,0.133333
306,12.2,0.399997
307,0,0.933333
308,0,0.166666
309,9.63332,0.099999
310,5.29999,0
311,6.86666,0
312,0,1.36667
313,14.7,0.366665
314,14.7667,0.066666
315,0.133334,0.3
316,0,0.1
317,0.533333,0.599998
318,0.066666,0.266665
319,2.8,0.933331
320,6.53333,0.066666
321,3.03333,0.833331
322,6.46666,0.033333
323,36.7667,0.099999
324,0,0.366667
325,0.033333,1.76666
326,0.033333,0.166665
327,5,2.46666
328,0,0.6
329,3.63333,0.133332
330,0.066666,0.166666
331,10.8667,0
332,1.5,1.66667
333,0,0.1
334,0,0.066667
335,4.4,0.800001
336,0.833325,4.49995
337,0.433333,0.533334
338,5.76666,2.06667
339,4.53329,0
340,2.26667,5.06667
341,0,0
342,38.2333,0.066667
343,2.13333,0.166665
344,0.033333,0.466667
345,5.36666,2
346,13.0333,0.066667
347,0.033333,0.266666
348,0.133334,0.233333
349,4.13333,1.36666
350,1.6,9.23333
351,3.13333,1.16667
352,0.233333,0
353,0.233331,0
354,0,0.1
355,0.399998,0.43333
356,5.03333,1.33333
357,0.066667,0.533333
358,0,0.3
359,4.36662,0
360,3,0.799998
361,4.33329,0
362,0,0.1
363,2.9,0.733332
364,0.033333,0.166665
365,0.033333,0.166665
366,10.8,0
367,0,0.1
368,7.36667,1.3
369,4.7,0.533331
370,5.16666,1.86667
371,0.766659,4.06663
372,1.4,1.13333
373,5.16666,1.83333
374,0.266666,0
375,17.9333,0
376,5.53333,1.96667
377,3.06667,0.966666
378,10.6,0
379,4.73334,0.866666
380,0.599997,0.699995
381,5.6,1.5
382,5,1.83333
383,0,0.1
384,0.133334,0.266667
385,4.53333,1.4
386,11.1667,5.1
387,0.033333,0.899999
388,1.1,0.466667
389,1.33333,1.6
390,8.09999,0.066666
391,3.66667,1.23333
392,0.033333,0.099999
393,11.1,0.033333
394,0,0.1
395,0,0.033333
396,0,0.333332
397,1.36667,20.4333
398,0,0.066667
399,0,0.1
400,0.433331,0.033333
401,0.033333,0.033333
402,0,0.233333
403,3.73333,0.999998
404,0.233333,0.466666
405,0.333333,0.766665
406,1.26667,0.133333
407,0,0.1
408,2.36667,0.166665
409,5,2.96666
410,0.033333,0.133332
411,1.36667,2.5
412,7.06667,0.233331
413,0.266666,0.566666
414,3.46667,1.13333
415,0.399998,0.066667
416,5.7,0.466666
417,0.066666,0.1
418,0,0.1
419,2.26667,0.433333
420,3.06667,0.566665
421,0.166667,0.133333
422,0,0.266666
423,0.066666,0.166666
424,0,0.933332
425,8.73333,0.033333
426,1.16667,0.666667
427,0,0.1
428,7.4,0.33333
429,4.1,1.16667
430,5.4,0.766666
431,4.73333,1.5
432,0,0.1
433,7.33333,9.43332
434,8.76666,6.2
435,3.33333,0.199999
436,2.1,0.333332
437,3.83333,0.499999
438,0.133334,0.466668
439,0,0.133333
440,3.26666,0.966665
441,0,0.1
442,0.6,1.5
443,0,0.033333
444,19.0667,0.066667
445,0.066666,0.1
446,0.033333,0.333332
447,0.066666,0.433332
448,0.7,0.899999
449,0.033333,0.099999
450,0.066666,1.1
451,4.03333,0
452,6.76666,0
453,5.23333,0.233331
454,4.03333,1.16667
455,32.9,0.033333
456,0.566667,2.83333
457,1.53333,0.099999
458,0.066666,0.333333
459,0,0.1
460,0.066667,0.166667
461,0.166666,0
462,7.26666,0
463,2.7,1.26667
464,1.86667,0.633333
465,0,0.1
466,3,0.733332
467,5.1,0.566665
468,0,0.066667
469,4.9,0
470,3.86666,1.5
471,0.066666,0.266665
472,0.366665,1.1
473,3.23333,0.366665
474,0.066666,0.166666
475,3.43334,1.03333
476,1.3,0.533333
477,1.66667,0.8
478,0,0.066667
479,0.266666,0.6
480,0,0.1
481,3.5,0.666666
482,0.633333,0.066666
483,1.13333,0.2
484,6.23333,0
485,0.2,0.233333
486,22.9,0.233333
487,5.23333,0.033333
488,0.066666,0.166666
489,4.36667,0
490,0.999999,0.233332
491,3.5,0.699999
492,0,0.1
493,2.86666,0.466665
494,0,0.399999
495,2.76666,0.699999
496,2.03333,0.966666
497,17.6,0
498,0.066666,0.266666
499,0.066666,0.566664
500,0.033333,0.266665
501,3.23333,0.833332
502,0.033333,0.033333
503,0.533333,0
504,0.8,0.366665
505,0.066666,0
506,0.133334,0
507,1.46667,0
508,12.8333,0
509,1.4,0.133333
510,6.73333,0.033333
511,2.26667,1.16667
512,3.13333,0.966665
513,0.233333,0.366666
514,0.2,0.566668
515,0,0.1
516,4.73333,0
517,3.36667,0.366665
518,3.03333,1.23333
519,0.033333,0.166666
520,1.56667,1.6
521,4.1,0.233331
522,0.033333,0.1
523,0.133334,0.266667
524,0.066666,0.333333
525,0,0.1
526,3.93333,1.23333
527,0.3,0.933331
528,3.03333,1.23333
529,14.3667,0
530,2.43333,0.999998
531,8.53333,0.066666
532,0.466666,0.133334
533,0,0.066667
534,0.033333,0.199999
535,1.46667,0.266665
536,4.23333,6.03333
537,0,0.1
538,2.3,1.96667
539,0.066666,0.2
540,0,0.1
541,0.066666,0.2
542,2.63333,1.13333
543,2.33333,0.333332
544,4.23333,6.66667
545,2.63333,0.966666
546,0.066666,0.2
547,2.43333,0.399999
548,3.76666,0
549,5.13333,3.7
550,0,0.1
551,0.933334,0.266666
552,0.233333,0.2
553,0,0
554,1.4,0.366665
555,2,0.366666
556,0.066666,0.466665
557,0.033333,0.566666
558,2.86667,0.9
559,0,0.4
560,0.366666,0.099999
561,0,0.4
562,2.76667,0.966666
563,0,0.466665
564,0,0.133334
565,0.066666,0.133333
566,0,0.1
567,3.13333,0.099999
568,0,0.1
569,0.266666,0.533333
570,0.266666,0.133333
571,1.3,0.5
572,0,0.1
573,0.033333,0.133333
574,1.2,0.399999
575,0.133334,0.266667
576,0.566668,0.533332
577,0,0.1
578,0.566667,0.5
579,2.53333,0
580,0.566667,0.266666
581,1.63333,0.266665
582,0,0.1
583,0.4,0.7
584,3.43333,1.06666
585,1.73333,0.499999
586,2.76667,0.666667
587,0,0.4
588,2.23333,0.033333
589,0,0
590,2.93333,1
591,4.1,7.53334
592,0.066666,0.133333
593,0.733332,0
594,0.066667,0.4
595,0,0.1
596,0.033333,0.2
597,5.63333,8.96667
598,5.93333,5
599,2.8,0.066667
600,4.83333,0
601,0.133334,0.1
602,2.5,0.6
603,9.3,0
604,0,0.166667
605,6,0
606,1.9,0
607,0,0.133333
608,0,0
609,1.63333,0.299999
610,0,0.033333
611,0,0.066666
612,5.1,0
613,0,0
614,1.6,0.233333
615,0.066666,1
616,2.33333,0.1
617,0,0.1
618,0,0.3
619,0.1,0.133333
620,0.366666,0.699999
621,0,0
622,1.53333,0.299999
623,1.03333,0.199999
624,0,0
625,1,2.83333
626,0.133332,0
627,0.333334,0.133333
628,0.399999,0.299997
629,1.8,0.766664
630,1.16667,0.233332
631,0.133333,0.166666
632,1.53333,0.233334
633,0.066667,0.1
634,0.833333,0.43333
635,0.033333,0.099999
636,0.400001,0.299999
637,0,0.066666
638,1.33333,0.366665
639,0.3,0.233332
640,1.63333,0.533333
641,1.56666,0
642,1.13333,0.266666
643,0.199998,1.09999
644,3,0.033333
645,1.53333,0.266666
646,0.033333,0.133333
647,2.26667,0.666666
648,1.3,0.033333
649,0,0
650,1.83333,0
651,0,0.033333
652,1.8,0.166667
653,0.1,0
654,0.999999,0.2
655,0.033333,0.2
656,0.6,0.233332
657,0.066667,0.1
658,0.233333,0.033333
659,0.033333,0.099999
660,1.96666,0.399999
661,0,0
662,0,0
663,0.733333,0.033333
664,0,0.033333
665,0.066667,0.366667
666,0,0
667,0.933332,0.033333
668,0,0.033333
669,0.666665,0
670,0,0.033333
671,1.76667,0.533332
672,1.06667,0.2
673,1.9,0.366667
674,1.26667,0.166666
675,0,0
676,1.23334,3.43334
677,2.23333,0.633331
678,0,0
679,0,0
680,2.13333,0.133332
681,1.9,0.333333
682,2.53333,0.600001
683,0,0.033333
684,0,0
685,0.366667,0.033333
686,0,0
687,1.46667,0.133332
688,1.5,0.033333
689,6.36667,0.1
690,0,0
691,0,0.199999
692,0.033333,0
693,0,0.166665
694,0,0.166666
695,0.233333,0.133333
696,0.233332,0.066666
697,2.23333,0
698,0,0.033333
699,0.866667,0.099999
700,0.033333,0.199998
701,1.76667,0.466666
702,0.7,0.066666
703,0.566661,0
704,0.066666,0
705,0.566667,0.066666
706,1.56667,0.299999
707,0.066666,0.499995
708,0,0
709,0.8,0.2
710,0,0.033333
711,4.4,0
712,0,0.166666
713,0,0.233333
714,0,0
715,3.9,0
716,0,0
717,0,1.53333
718,0.033333,0.099999
719,0,0.166666
720,0,0
721,0.633334,0.333333
722,0,0.166666
723,0,0.833333
724,0.133332,0.166667
725,0.333333,0.033333
726,2,0
727,0,1.5
728,0,0.433333
729,0,0.566661
730,0.499999,0.666665
731,1.33333,0
732,0,0.066666
733,0,0.066666
734,0,0
735,0,0
736,0.033333,0.066666
737,0.066666,0.066667
738,0.033333,0.066666
739,1.43333,0
740,0,0
741,0,0
742,0,0
743,0,0
744,0,0
745,0,0.2
746,0.333333,0.233333
747,0.3,0.033333
748,0,0
749,0.366667,0
750,0,0.400001
751,0.133333,0
752,0,0
753,0,0
754,0.233333,0.066666
755,1.86667,0
756,0,0
757,0,0
758,0,0
759,0,0
760,0,0
761,0,0.233334
762,0,0
763,0,0
764,0,0
765,0,0
766,0,0
767,0,0
768,0,0
Imbalance analysis (in edges contribution):
Vertex,PositiveSum,NegativeSum
0,0,0
1,0,0
2,0,0
3,0.233333,0
4,0,0
5,0.1,0
6,0,0
7,0,0
8,0,0
9,0,0
10,0,0
11,0,0
12,0,0
13,0,0
14,0,0
15,0.033333,0
16,0.166667,0
17,0.266667,0
18,0,0
19,0.066667,0
20,0.2,0
21,0,0
22,0.033333,0
23,0.666666,0.133333
24,0,0
25,0.166667,0
26,0.166667,0
27,0,0
28,0.266664,0
29,0.133333,0
30,0,0
31,0.2,0
32,0.333333,0
33,0.333333,0.033333
34,0.133333,0
35,1.13333,0
36,0,0
37,0.1,0
38,0.033333,0
39,0,0
40,0.033333,0
41,0,0
42,0.1,0
43,0.066667,0
44,0.133333,0
45,0.166667,0.166667
46,0.133333,0
47,0.266667,0
48,0.066667,0
49,0,0
50,0.166667,0.266666
51,0.1,0
52,0.2,0
53,0.333334,0
54,0.299999,0
55,0,0
56,0.633333,0.166667
57,0.333333,0
58,0.166667,0.066666
59,0,0
60,0.166667,0.033333
61,0.2,0
62,0.1,0
63,0,0.399996
64,0.433333,0.133333
65,0,0
66,0.033333,0
67,1.2,0
68,0,0
69,0.033333,0.2
70,0,0
71,0,0
72,0.966667,0.1
73,0.266666,0.066666
74,0,0
75,0.8,0.333333
76,0.266667,0
77,0.299999,0.066666
78,0.033333,0.033333
79,0.466667,0.633332
80,0.2,0
81,0.233333,0.033333
82,0.933333,0.533333
83,0.033333,0
84,0.366665,0.033333
85,0.266667,0.033333
86,0,0
87,0.466666,0.066666
88,0.166666,0
89,0.533333,0.166666
90,0.066667,0
91,0.233333,0.033333
92,0.066666,0.833325
93,1.2,0.366666
94,0,0
95,0.233333,0.033333
96,1,0.066666
97,1.7,0
98,0,0
99,0.533333,0.066666
100,2.06667,3.46666
101,0,0.033333
102,0,0.033333
103,0,0.066667
104,0.133333,0
105,0,0.033333
106,0.533332,0.066666
107,0.599999,0.3
108,0.8,0.566666
109,0.666667,0.733333
110,1.1,2.46666
111,0.1,0.1
112,0.166667,0
113,0,0.199999
114,2.23333,0
115,0.2,0.266667
116,0,0.133333
117,1.06667,0.066666
118,0,0.1
119,0.299999,0.099999
120,0.033333,0
121,0.566666,0.2
122,0.966666,1.6
123,1.03333,2.36667
124,0.333333,0.066666
125,1.13333,0
126,0.8,0.566666
127,0.033333,0
128,0.033333,0
129,0.6,0.199999
130,0,0
131,0.633333,0.566666
132,0.233333,0.066666
133,13.7,0.2
134,7.53333,0.033333
135,0.766666,0.066666
136,0,0
137,0.066666,0.033333
138,0.066666,0.166667
139,0.066667,0.033333
140,0,0.066667
141,2,0.433332
142,0,0.033333
143,2.73333,0.233333
144,0,0
145,1.46667,0.733332
146,0.233332,0
147,1.8,0.066666
148,1.26667,0.1
149,0,0.033333
150,0.699999,0.066666
151,2.1,0.066667
152,0,0.266667
153,0,0
154,1.13333,0.333333
155,3.2,0.1
156,0.266667,1.26667
157,1.76666,0.066666
158,0.066666,0.2
159,2.33333,0.433333
160,2.03333,7.96666
161,0.033333,0.033333
162,0,0.133333
163,0.466666,0.133332
164,1.5,0.199999
165,0,0.3
166,1.73332,0
167,0.133333,0
168,0.033333,0
169,0.033333,0.1
170,0,0.033333
171,1.26667,0.466665
172,1.4,0.633333
173,0,0.033333
174,1.06666,0.066667
175,0.166667,0.266667
176,1.03333,0.233333
177,0.199999,0.033333
178,0.033333,0
179,0,0.033333
180,0,0.1
181,0.033333,0
182,0.466665,0.066667
183,0,0
184,0,0.033333
185,0,0
186,0.733332,0.099999
187,0,0
188,0,0
189,0.733332,0.199999
190,1.33333,0.399999
191,0.099999,0.066666
192,3.66666,0.133334
193,0.466667,0.233333
194,0,0
195,0,0
196,0,0.066667
197,1.13333,0.033333
198,1.03333,0.233333
199,0.199998,1.86665
200,0.6,0.033333
201,1.26667,0.466665
202,1.6,0.933332
203,1.76666,1.26666
204,0.066666,0
205,0,0.033333
206,0.299999,0.4
207,0.899999,0.866665
208,2,0
209,1.46666,0.766666
210,0.3,0.433333
211,0.633332,0.166666
212,2.1,2.73333
213,0.033333,0
214,1.03333,0.299999
215,1.5,0.466666
216,2.6,0.033333
217,0,0.033333
218,0.033333,0.033333
219,0.133333,0
220,0.033333,0
221,2.33333,0.166667
222,4.43333,0
223,0.799999,0.199999
224,1.06667,0.266666
225,0.366666,0.099999
226,0,0.133333
227,19.7,0.2
228,0.133333,0
229,0.033333,0.399999
230,2.6,0.066667
231,0.899999,2.03333
232,2.3,0.799999
233,0,0.066667
234,0,0.033333
235,0.099999,0.066666
236,0.099999,0.066666
237,1.7,0.466665
238,0.499999,0
239,1.23333,0.233332
240,0.133333,0.066667
241,0.299999,0.466667
242,0.500001,1.63333
243,2.66667,0
244,1.36667,0.366666
245,1.56667,0.199999
246,5.06666,0.1
247,2.13333,2.7
248,0.299997,2.49998
249,0.133333,0.099999
250,0,0.033333
251,0.1,0
252,1.33333,0.266665
253,0,0.1
254,0.033333,0.1
255,1.43333,0.433332
256,0.166667,1.03333
257,0.299999,0.666665
258,0.066667,0
259,1.16667,0.199999
260,1.86667,0.7
261,1.13333,1.06667
262,0,0.066667
263,2.86667,1.2
264,0,0
265,0.599999,2.33333
266,0.933332,0.266666
267,0,0.266667
268,0.433332,0.133332
269,26.0667,0.233333
270,2.23333,0.666663
271,0,0.033333
272,0,0
273,0,0.066667
274,0.366666,0.133332
275,0,0.066667
276,0,0.033333
277,2.36666,0.066667
278,2.7,0
279,0,0.133333
280,2.43333,1.1
281,1.86667,0.366665
282,0.500001,0.133332
283,0.133333,0
284,0.033333,0
285,2.03333,0.499998
286,3.7,2.26666
287,0,0
288,0,0.033333
289,1.43333,0.333332
290,4.46667,1.16667
291,1.3,0.266666
292,3,0.966667
293,0,0.033333
294,0,0.066667
295,1.53333,2.1
296,0.299999,0.133332
297,0.833332,0.099999
298,0,0
299,1.16666,0.033333
300,0.066667,0.133333
301,0.066667,0.899998
302,2.6,0.833333
303,0.399999,0.200001
304,29.9333,0.233333
305,0,0.066667
306,7.93332,0.166666
307,0,0.233333
308,0.2,0.033333
309,5.16666,0.166666
310,3.36666,0.066667
311,3.83333,0.1
312,0,0.033333
313,10.7,0.233333
314,9.3,0.133333
315,0.099999,0.033333
316,0,0.033333
317,0.266667,0.433334
318,0,0.066667
319,1.5,0.266665
320,3.36666,0.1
321,1.6,0.299999
322,1.9,0.2
323,26.4,0.1
324,0,0.1
325,0,0.599996
326,0.133333,0.1
327,2.76667,1.4
328,0,0
329,2.43333,0.266667
330,0,0
331,6.56667,0.1
332,1.33333,0.533333
333,0,0.033333
334,0,0
335,2.5,0.266666
336,0.566661,3.36663
337,0.533332,0.466666
338,3.43333,1.13333
339,3.59996,0
340,1.83333,2.93334
341,0,0
342,28.1667,0.166666
343,2.1,0.199999
344,0.133333,0.199999
345,3.83333,1.2
346,9.46666,0.266666
347,0,0.133334
348,0.066666,0
349,3.13333,0.533331
350,1.8,6.03333
351,2.36667,0.966667
352,0.166666,0.2
353,0.166665,0.033333
354,0,0.033333
355,0.466665,0.166665
356,3.5,0.899998
357,0,0
358,0,0.2
359,3.76663,0
360,2.3,0.333332
361,3.79996,0
362,0,0.033333
363,2.23333,0.366666
364,0.199998,0.166665
365,0.266665,0.166665
366,7.13333,0.066667
367,0.033333,0.033333
368,6.23333,1.06666
369,4.2,0.233331
370,4.03333,1.33333
371,0.633327,3.79996
372,1.66667,0.499998
373,4.03333,1.36666
374,0.199999,0
375,15.8333,0
376,4.33333,1.6
377,2.83333,0.466664
378,7.1,0.1
379,4.33333,0.666662
380,0.433331,0.93333
381,4.9,1.06666
382,4.2,1.36666
383,0,0.033333
384,0.066666,0.133334
385,3.89999,1.06666
386,12.0667,4.56666
387,0.166665,0.333332
388,1.5,0.299999
389,1.56667,0.966664
390,7.8,0.199999
391,3.26667,0.666664
392,0.199998,0.166665
393,10.2,0.2
394,0,0.033333
395,0,0
396,0,0.133333
397,1.43333,20.7333
398,0,0
399,0,0.033333
400,0.533331,0.133333
401,0,0
402,0.033333,0.033333
403,3.53333,0.899997
404,0.433333,0.833333
405,0.866665,0.366664
406,1.03333,0.033333
407,0,0.033333
408,2.53333,0.366665
409,5,3.93333
410,0.199998,0.199998
411,1.76667,3.29999
412,6.73334,0
413,0.233333,0.766664
414,3.23333,0.899997
415,0.466665,0.2
416,5.4,0.833333
417,0.066666,0
418,0,0.033333
419,2.3,0.433331
420,2.86666,0.533332
421,0.133334,0
422,0,0.066666
423,0,0
424,0.1,0.9
425,8.66666,0.133333
426,1.33333,0.433331
427,0,0.033333
428,7.86667,0.233332
429,3.8,1.2
430,4.86666,0.799997
431,4.46666,1.7
432,0,0.033333
433,9.46667,11.4667
434,10.2,7.33333
435,3.53333,0.499998
436,2.23333,0.333331
437,3.3,0.433333
438,0.099999,0.199999
439,0,0.066667
440,3.23333,2.16666
441,0,0.033333
442,0.9,0.966666
443,0,0
444,26.0667,0.2
445,0,0
446,0.266665,0.333331
447,0,0.199999
448,1.16667,0.699998
449,0.199998,0.166665
450,0.299998,0.966665
451,5.96666,0.066667
452,7.9,0.033333
453,6.3,0
454,4.56666,1.66667
455,47.9,0.133333
456,1,2.86666
457,2.6,0.233331
458,0,0.033333
459,0,0.033333
460,0,0.066666
461,0.033333,0.2
462,10.7,0.066667
463,3.4,1.63333
464,2.43333,0.566663
465,0,0.033333
466,3.96666,1.16667
467,7.59999,1.2
468,0,0
469,6.56667,0
470,5.09999,2.4
471,0,0.066667
472,0.3,1.53333
473,4,0.566664
474,0,0
475,5.4,1.2
476,2.16666,0.566664
477,2.13333,0.73333
478,0,0
479,0.699998,0.699998
480,0,0.033333
481,4.86666,0.83333
482,1.46667,0.099999
483,0.666665,0.266666
484,8.16666,0.033333
485,0.133333,0
486,39.9333,0.3
487,8.16666,0.2
488,0,0
489,5.23332,0.033333
490,1.6,0.266664
491,6.13333,1.83333
492,0,0.033333
493,4.86667,0.799998
494,0,0.399999
495,4.63333,0.966664
496,3.4,1.16666
497,33.5667,0.1
498,0.033333,0.033333
499,0.433331,0.566666
500,0.299998,0.233331
501,5.66666,1.2
502,0,0.033333
503,0.499998,0
504,1.9,0.399998
505,0.033333,0
506,0.033333,0.066666
507,2.8,0.133333
508,22.1333,0.033333
509,2.43334,0.166667
510,11.3,0.299999
511,4.66666,1.7
512,6.4,1.33333
513,0.566666,0.2
514,0.233334,0.133334
515,0,0.033333
516,8.06666,0.1
517,8.36666,0.63333
518,6.16666,1.96666
519,0.233331,0.199998
520,2.43333,2.23333
521,9.7,0
522,0,0.033333
523,0.066666,0.1
524,0,0.066666
525,0,0
526,8.06666,2.53333
527,0.833331,0.666665
528,6.16666,1.96666
529,30.5333,0.033333
530,5.63333,1.43333
531,20.5667,0.2
532,0.133333,0.2
533,0,0.133333
534,0.033333,0.033333
535,3.16666,0.399998
536,9.2,11.6333
537,0,0
538,5.76667,5.33333
539,0,0.133333
540,0,0.033333
541,0,0.133333
542,6.56666,2.06666
543,6.63333,0.43333
544,9.7,13.1
545,6.56666,2.23333
546,0,0.133333
547,6.63333,0.799998
548,10.1667,0
549,14.6333,5.69999
550,0,0.033333
551,1.63333,0.399999
552,0.333332,0.199999
553,0,0
554,3.4,0.499998
555,5.1,0.666665
556,0,0.133334
557,0,0.433333
558,6.96666,2.16667
559,0,0.199999
560,0.633333,0.166667
561,0,0.199999
562,6.8,2.13333
563,0,0.399998
564,0,0.066667
565,0,0.033333
566,0,0.033333
567,8.5,0.3
568,0,0.033333
569,0.266668,0.466667
570,0.7,0.3
571,3,0.699996
572,0,0.033333
573,0.033333,0.1
574,2.7,0.499999
575,0.066666,0.133334
576,0.766665,0.6
577,0,0.1
578,0.899998,1.03333
579,8.33333,0.366667
580,1.46666,0.466664
581,4.46666,0.733332
582,0,0.033333
583,0.966666,0.3
584,9.4,2.53333
585,4.9,1.06667
586,6.8,1.5
587,0.066666,0.233334
588,6.73333,0.066667
589,0,0
590,7.46666,2.5
591,13.3,25.5
592,0.233332,0.166665
593,1.86666,0.066667
594,0.033333,0.433333
595,0,0.033333
596,0.033333,0
597,16.5,33.8667
598,18.6,18
599,11.1667,0.066666
600,17.8333,0.033333
601,0.066666,0.133333
602,6.69999,2.6
603,34.2333,0.2
604,0,0.433332
605,22.5,0.133333
606,11.3333,0.1
607,0,0.466667
608,0,0
609,5.63333,1.6
610,0,0.066666
611,0,0.2
612,19.4,0
613,0,0.133333
614,4.73333,0.833332
615,0.066667,2.06666
616,9.86667,0.199999
617,0.033333,0.033333
618,0.066666,0.500001
619,0.133333,0.133333
620,0.566665,1.4
621,0,0.133333
622,5.73333,1.6
623,5.49999,1.03333
624,0,0.133333
625,2.8,6.16667
626,0.266666,0.066667
627,0.833332,0.666666
628,1.06667,0.233332
629,7.7,4.26666
630,4.63333,1.9
631,0.033333,0.366666
632,8.36666,0.533332
633,0,0.1
634,4.96666,1.4
635,0.233331,0.199998
636,0.933332,0.833333
637,0,0.3
638,4.73333,2.16667
639,0.666664,0.533331
640,6.73333,3.06666
641,13.3333,0.1
642,3.16666,0.93333
643,1.19999,6.7666
644,22.6,0.3
645,5.73333,1.63333
646,0.199998,0.266664
647,9.36666,3.83333
648,7.49999,0.133333
649,0,0.133333
650,7.79999,0.066666
651,0,0.2
652,7.66667,0.566665
653,0.133333,0.066667
654,2.9,0.699998
655,0.033333,0.166666
656,1.7,1.3
657,0.1,0.166667
658,2.2,0.2
659,0.199998,0.233331
660,6.76666,1.53333
661,0,0.133333
662,0,0.133333
663,6.36666,0.133332
664,0,0.066666
665,0.566665,0.299999
666,0,0.133333
667,6.39999,0.399998
668,0,0.3
669,0.9,0.1
670,0,0.166667
671,6.89999,3.03333
672,3.03333,0.799999
673,7.33333,1.9
674,5.36666,1.4
675,0,0.066667
676,23.5,24.8
677,10.6,2.96666
678,0,0.233332
679,0,0
680,27.5333,0.433333
681,7.3,2.86666
682,10.8333,5.83333
683,3,0.266667
684,0.133333,0.2
685,0.766666,0.133333
686,0,0
687,6.4,1.93333
688,5.96667,1.23333
689,63.9,0.166666
690,0,0.133333
691,0.166667,1.26666
692,0.133333,0.133333
693,0.066666,0.166667
694,0,0.633331
695,0.966665,0.499998
696,0.333331,0.599999
697,20.5666,0.733329
698,0.2,0.299999
699,4.56666,1.3
700,0.799998,0.299998
701,11.0667,3.09999
702,2.73333,0.566667
703,7.56659,0
704,4.03333,0.1
705,2.83333,1.83333
706,10.9667,1.96666
707,1.33332,7.36659
708,0,0.133333
709,3.06666,0.799996
710,0.033333,0.133333
711,64.3,0.2
712,0.799998,0.666665
713,0.233332,0.366666
714,0,0
715,55.4333,0.1
716,0.866665,0.033333
717,4.63333,5.26666
718,0.166665,1.19999
719,0.366666,1.36666
720,0,0.066667
721,7.23333,6.06666
722,4.7,0.266668
723,0.399998,7.8
724,1.23333,3.56666
725,5.1,0.866664
726,24.8667,0.333332
727,3.13334,13.5667
728,0.199999,0.899998
729,1.39999,7.59992
730,8.8,19.5667
731,17.4333,0.133332
732,0.366666,0.099999
733,0,0.333332
734,0.466665,0.266665
735,0.366664,0.299997
736,0.166665,1.23332
737,1.3,3.66666
738,0.166665,1.23332
739,15.8,0.333333
740,0.066666,0.166666
741,0,0.133333
742,0,0.2
743,0.566663,1.46665
744,0,0
745,0,0.733332
746,13.2667,8.73332
747,7.93333,3.36666
748,0.366667,0.333334
749,9.36666,1.8
750,0.499999,5.93334
751,3.43333,1.6
752,0,0
753,0,0.133333
754,8.23333,8.66666
755,63.5333,0.133333
756,0.566664,0.43333
757,5.03333,2.1
758,8.26666,4.43333
759,10.2,3.56666
760,11.5333,3.39999
761,0.766665,1.26667
762,5.5,2.33333
763,1.36667,3.73333
764,0.233331,0
765,1.36667,0.333332
766,0,0.133333
767,17.2667,8.99999
768,1.36667,3.73333

Cluster contribution to imbalance analysis (cluster-cluster matrix):
15.0333, 1056.2, 1.06666, 
1177.97, 644.332, 19.6665, 
0.533328, 27.5331, 0, 

