Global time spent: 7206.29
I(P) = 568
Clustering configuration: 
 Partition 0 (792): [ 0 1 2 3 4 5 6 7 8 9 10 11 12 13 14 15 16 17 18 19 20 21 22 23 24 25 26 27 28 29 30 31 32 33 34 35 36 37 38 39 40 42 43 44 45 46 47 48 49 50 51 52 53 54 55 56 57 58 59 60 61 62 63 64 65 66 67 68 69 70 71 73 74 75 76 77 78 79 80 81 82 83 84 85 86 87 88 89 90 91 92 93 94 95 96 97 98 99 100 101 103 104 105 106 107 108 109 110 111 112 113 114 115 116 118 119 120 121 122 123 124 125 126 127 128 129 130 131 132 133 134 135 136 137 138 139 140 141 142 143 144 145 146 147 148 149 150 151 152 153 154 156 157 158 159 160 161 162 163 164 165 167 168 170 171 172 173 174 175 176 177 178 179 180 181 182 183 184 185 186 187 188 189 190 191 192 193 194 195 196 197 198 199 200 201 202 203 204 205 206 207 208 209 210 211 212 213 214 215 216 217 218 219 220 221 222 223 224 225 226 227 228 229 230 231 232 233 234 235 236 237 238 240 241 242 243 244 245 246 247 248 249 250 251 252 253 254 256 258 259 260 261 262 263 264 265 266 267 268 269 270 272 273 274 275 276 277 278 279 280 281 282 283 284 285 286 287 288 289 290 291 292 293 294 295 296 297 298 299 301 302 303 304 305 306 307 308 309 310 311 312 313 314 315 316 317 318 319 320 321 322 323 324 325 326 327 328 329 330 332 333 334 335 336 337 338 339 340 341 342 343 344 345 346 347 348 349 350 352 353 354 355 356 357 358 359 360 361 362 363 364 365 366 367 368 370 371 372 373 374 377 378 379 380 381 382 383 384 385 386 387 388 389 390 391 392 393 394 395 396 397 398 399 400 402 403 404 405 406 407 408 409 410 411 412 413 414 415 417 418 420 421 422 423 424 425 427 428 429 430 431 432 433 434 435 436 437 438 439 440 442 443 444 445 446 447 448 449 450 451 452 453 454 455 456 457 458 459 460 461 462 463 464 465 466 467 468 469 470 471 472 473 474 475 476 477 478 480 481 482 483 484 485 486 487 488 489 490 492 493 494 495 496 497 498 499 500 501 502 503 504 505 506 507 508 509 510 511 512 513 514 517 518 519 520 521 522 523 524 525 526 527 528 529 530 531 532 533 534 535 536 537 539 542 545 546 547 548 549 550 551 552 553 554 555 556 557 558 559 560 561 562 563 564 565 566 567 568 569 571 572 575 576 577 578 579 580 581 582 583 584 585 586 587 588 589 590 591 592 593 594 595 597 598 599 600 601 602 603 604 605 606 607 608 609 610 611 612 613 614 615 616 617 618 619 620 621 622 623 624 625 626 627 628 629 630 631 632 633 634 635 636 637 638 639 641 642 643 644 645 646 647 649 650 651 652 653 654 655 656 657 658 659 660 661 662 663 664 665 666 667 668 669 670 671 672 673 674 675 676 677 678 679 680 681 682 683 684 685 686 687 688 689 690 691 692 693 694 695 696 697 698 699 700 702 703 704 705 706 707 708 709 710 711 712 713 714 715 716 717 718 719 720 722 723 724 725 726 727 728 729 730 731 732 733 734 735 736 737 738 739 740 741 742 743 744 745 746 747 748 751 752 753 754 755 757 758 759 760 761 762 763 764 765 766 767 768 769 770 771 773 774 775 776 777 778 779 780 781 782 783 784 785 786 787 789 790 791 792 793 794 795 796 797 798 799 800 801 802 803 804 805 806 807 808 809 810 811 812 813 814 815 816 817 818 819 820 821 822 823 824 825 826 827 828 829 830 832 833 834 835 836 ] 
 Partition 1 (45): [ 41 72 102 117 155 166 169 239 255 257 271 300 331 351 369 375 376 401 416 419 426 441 479 491 515 516 538 540 541 543 544 570 573 574 596 640 648 701 721 749 750 756 772 788 831 ] 

Imbalance analysis (out edges contribution):
Vertex,PositiveSum,NegativeSum
0,0.564102,0.051282
1,0.076923,0.153846
2,0.923076,0
3,0,0.538461
4,0.333333,0
5,0.051282,0.282051
6,0.025641,0.025641
7,0.102564,0.615384
8,0,0.128205
9,0.025641,0.025641
10,0.076923,0.051282
11,0.025641,0.051282
12,0.025641,0.025641
13,6.28205,2.87179
14,0.589743,0
15,0.358974,0
16,0.025641,0.102564
17,0.051282,0.282051
18,0.153846,0.051282
19,0.25641,0
20,0,0.897435
21,0.025641,0
22,0,0.461538
23,0.051282,0.076923
24,9.20512,1.5641
25,0.102564,0
26,0.205128,0
27,0.25641,0.051282
28,0.025641,0.153846
29,0.102564,0.564102
30,0.538461,0.025641
31,0.025641,0
32,0.102564,0.128205
33,0.051282,0.205128
34,0.717948,0.102564
35,0.128205,0.948717
36,9.41025,13.4102
37,0.282051,0.589743
38,0,0.025641
39,0.230769,0.615384
40,0,0.102564
41,1.92308,0
42,0.076923,0
43,0,0.589743
44,0,0.076923
45,0.025641,0.410256
46,0.076923,0.025641
47,0.743589,0.025641
48,0,1.33333
49,0.051282,0.282051
50,0,0.333333
51,0.051282,0
52,0,0.102564
53,0,0.205128
54,0,0.051282
55,0,0.871794
56,0.564102,0
57,0.384615,0.051282
58,0.153846,0.692307
59,0.410256,0
60,0.538461,0
61,0.179487,0.153846
62,0.025641,0.025641
63,0.025641,0.102564
64,0.333333,0
65,0.025641,0.179487
66,0.102564,0.25641
67,0.743589,0.051282
68,0.051282,0
69,0,0
70,0.025641,0.666666
71,0,0.128205
72,4.23077,0.153846
73,0,0.410256
74,0,0.025641
75,3.58974,7.99999
76,0.102564,0.128205
77,0.025641,0
78,0.435897,0
79,0,0.435897
80,0.51282,0
81,0.51282,0
82,0,0.307692
83,0.025641,0.153846
84,0.128205,0.025641
85,0.666666,0
86,0.025641,0.128205
87,0.410256,0
88,0.25641,0.128205
89,0,0.230769
90,0.102564,0.25641
91,0,0
92,0,0.076923
93,0,0.128205
94,0.076923,0
95,0,0.128205
96,0.282051,0.051282
97,0.076923,0.102564
98,0.692307,0.025641
99,0.128205,0.538461
100,0,0.333333
101,0.179487,0
102,12.2308,0.051282
103,0.153846,0
104,1.58974,0
105,3.15384,0.025641
106,0.102564,0
107,0.076923,0.076923
108,0,0.051282
109,0,0.076923
110,0.025641,0.307692
111,0.153846,0.076923
112,0,0.333333
113,0.641025,0.076923
114,0.384615,0
115,0.358974,0
116,0,0.307692
117,3.6923,0
118,0.102564,0
119,0,0.589743
120,0.025641,0
121,0,0.102564
122,0.358974,0
123,0.179487,0.051282
124,1.84615,0
125,0.051282,0
126,0.076923,0.717948
127,0.205128,0
128,0.102564,0.051282
129,0.435897,0.051282
130,0.25641,0.307692
131,2.61538,0
132,0.384615,0
133,0.717948,0
134,0,0.025641
135,0.307692,0
136,0.051282,0.025641
137,0.435897,0
138,0.948717,0
139,8.66666,4.33333
140,7.17948,1.30769
141,0.282051,0.102564
142,0.692307,0
143,0.025641,0.025641
144,0.051282,0.179487
145,0.153846,0.025641
146,0,0.025641
147,0.615384,0
148,0,0.025641
149,3.30769,0.743589
150,0,0.102564
151,0.615384,0
152,0.128205,0.025641
153,0.384615,0.538461
154,0.230769,0.025641
155,4.30769,0.153846
156,0.076923,0
157,0,0.25641
158,0.076923,0.487179
159,0.128205,0.102564
160,0.076923,0
161,0.794871,0
162,1.25641,4.66666
163,0.051282,0.102564
164,0.615384,0
165,0.230769,0.564102
166,0.128205,0.025641
167,0.179487,0
168,0.051282,0.307692
169,6.53845,0.435897
170,0,0.051282
171,0.461538,0.743589
172,0.948717,0
173,0.025641,0
174,0.102564,0.076923
175,0,0
176,0.333333,0.025641
177,0.025641,0.076923
178,0.128205,1.07692
179,0,0
180,0.51282,0
181,0.25641,0
182,0.128205,0.282051
183,0,0.179487
184,0.076923,0.179487
185,0.051282,0.358974
186,0.51282,0
187,0,0.307692
188,0,0.076923
189,0.076923,0.051282
190,0,0
191,0.076923,0
192,0.410256,0
193,0.025641,0.025641
194,0,0.025641
195,0,0.102564
196,1.02564,0.025641
197,0.025641,0.076923
198,0.102564,0.025641
199,0.051282,0.051282
200,0.538461,0
201,0.384615,0
202,0.128205,0.076923
203,0.025641,0.461538
204,0.128205,0.051282
205,0.333333,0.025641
206,0.076923,0
207,0.025641,0
208,0,0.076923
209,0.025641,0.51282
210,1.20513,0.025641
211,0.179487,0.025641
212,0.128205,0.487179
213,0.025641,0.230769
214,0.51282,0
215,0.51282,0
216,0.51282,0.025641
217,1.74359,0.333333
218,0.333333,0.102564
219,0.025641,0.282051
220,0,0.102564
221,0,0.128205
222,1.79487,0.025641
223,0.641025,0
224,0,0.384615
225,0.794871,0
226,0.538461,0
227,0,0.025641
228,0.384615,0
229,0.307692,0.051282
230,1.25641,0
231,2.10256,0
232,0,0.153846
233,0,0.025641
234,0.25641,0.179487
235,0.410256,0.076923
236,0.307692,0.076923
237,0,0.102564
238,1.58974,0.051282
239,7.61538,0
240,0.820512,0.025641
241,0.307692,0.025641
242,0.51282,0
243,0,0.153846
244,7.53846,0.307692
245,0.051282,0.076923
246,0,0.435897
247,0.051282,0.615384
248,0.282051,0.076923
249,0.51282,0
250,0,0.025641
251,0,0.025641
252,0.025641,0
253,0.102564,0.051282
254,0.487179,0
255,4.02564,0
256,0.153846,0.102564
257,0.102564,0.025641
258,0.128205,0.282051
259,0,0.76923
260,2.20513,0.025641
261,0.51282,0.051282
262,0.076923,0.102564
263,0,0.487179
264,0.589743,0
265,0.128205,0.153846
266,0,0.128205
267,0,0.051282
268,0.307692,0.025641
269,0.564102,0.025641
270,0,0.025641
271,0.076923,0.282051
272,0.538461,0
273,0,1.17949
274,0,0.307692
275,0,0.076923
276,0.153846,0.025641
277,0.410256,0
278,0.076923,0.128205
279,0,0.051282
280,1.35897,0.025641
281,0.025641,0.051282
282,0,0.461538
283,0.025641,0
284,0.076923,0.307692
285,0.282051,0.051282
286,8.53846,1.66667
287,0,0.230769
288,0,0
289,0,0.102564
290,0.051282,0.076923
291,0.025641,0.102564
292,0,0.025641
293,0,0.435897
294,0.025641,0.307692
295,0.282051,0.564102
296,0.76923,0.051282
297,0,0.051282
298,0.153846,0
299,0.153846,0.076923
300,3.82051,0.025641
301,0.051282,0
302,0,0.051282
303,0.025641,0
304,0.333333,0.025641
305,0.333333,0.025641
306,0.102564,0
307,0,0.102564
308,0.333333,0
309,1.10256,0
310,1.15385,0
311,0.358974,0.051282
312,0.51282,0.025641
313,0.051282,0.025641
314,0,0.128205
315,0.76923,0.025641
316,0.179487,0.461538
317,0.641025,0
318,0.051282,0.025641
319,0,0.051282
320,0.051282,0.897435
321,0,0.25641
322,0.051282,0.153846
323,0.641025,0
324,0,0.487179
325,7.15384,1.15385
326,0,0.128205
327,0.076923,0.230769
328,0,0.435897
329,0,0.051282
330,0.128205,0.179487
331,24.8461,0.410256
332,0.051282,0.25641
333,0,0.282051
334,0.025641,0.102564
335,0.051282,0.461538
336,0,0.051282
337,0,0.051282
338,0,0.25641
339,0,0.25641
340,0.538461,0.025641
341,0.051282,0.615384
342,0.410256,0
343,0,0.589743
344,4.53846,0.179487
345,0.025641,0.102564
346,0.025641,0
347,0.025641,0
348,0.153846,0.410256
349,0.153846,0
350,0.051282,0.333333
351,9.8205,0.051282
352,0,0.230769
353,4.33333,5.64102
354,0.384615,0
355,0.025641,0
356,0.025641,0.051282
357,0.384615,0
358,0.410256,0.025641
359,0.128205,0.153846
360,0,0.051282
361,0.435897,0.025641
362,0.230769,0.051282
363,0,0.461538
364,0.051282,0.435897
365,6.15384,0.974358
366,0.333333,0.025641
367,0.076923,0.205128
368,0.538461,0
369,9.71794,0
370,0,0.205128
371,0,0.076923
372,0.538461,0
373,0.76923,0.051282
374,0.128205,0.051282
375,0.128205,0
376,0.230769,0
377,0.025641,0.102564
378,0,0.282051
379,0.333333,0
380,0.025641,0.102564
381,0,0
382,0.153846,0.051282
383,0.153846,0
384,0.102564,0.230769
385,0,0.230769
386,0.051282,0.282051
387,0.435897,0
388,0.102564,0
389,0.153846,0
390,0.051282,0.307692
391,0,0.205128
392,0.153846,0.025641
393,0,0.435897
394,0.25641,0
395,0.128205,0
396,0.102564,0.153846
397,0.051282,0.615384
398,0.717948,0.025641
399,0.846153,0
400,0.153846,0
401,16.1026,0.076923
402,0.102564,0.025641
403,0.179487,0
404,0.025641,0.358974
405,0.128205,0
406,0.128205,0.51282
407,0.717948,0
408,0.205128,0
409,0,0.051282
410,0,0.025641
411,0.076923,0
412,0.025641,0.282051
413,0.25641,0
414,0,0.282051
415,0,0.102564
416,7.15384,0.153846
417,0.384615,0
418,0.025641,0.102564
419,9.58974,0
420,0,0.076923
421,0.025641,0
422,0,0.025641
423,0,0.128205
424,0.179487,0
425,0.051282,0.025641
426,4.15384,0
427,0.179487,0.025641
428,0.076923,0.102564
429,0.333333,0
430,0,0.102564
431,0,0.051282
432,0.282051,0
433,0.076923,0
434,0.205128,0
435,0.384615,0
436,0.153846,0
437,0.205128,0
438,0.846153,0
439,0.128205,0.128205
440,0.282051,0
441,5.53846,0.128205
442,0.307692,0.051282
443,0.128205,0
444,0.051282,0
445,0.410256,0
446,0.282051,0
447,0.051282,0
448,0,0
449,0.871794,0.692307
450,0,0.102564
451,0,0.282051
452,0.179487,0
453,0,0.153846
454,1.25641,0
455,0,0.51282
456,0.51282,0
457,0.205128,0.051282
458,0.487179,0
459,0.076923,0.051282
460,0,0.25641
461,0,0.358974
462,0.025641,0.025641
463,0.230769,0.025641
464,0.692307,0
465,0.025641,0.025641
466,0.025641,0.153846
467,0.461538,0
468,0,0.025641
469,0,0.102564
470,0.025641,0.051282
471,4.20513,6.89743
472,0,0
473,0.179487,0.025641
474,0,0
475,0.051282,0.051282
476,0.128205,0
477,0.282051,0.025641
478,0,0.897435
479,6.33333,0.076923
480,0.128205,0.025641
481,1.15385,0
482,0.051282,0
483,3.48718,0.564102
484,0,0.307692
485,0.384615,0
486,0.025641,0.025641
487,0.230769,0.384615
488,0,0
489,0,0
490,0.230769,0.410256
491,2.69231,0.999999
492,0,0.435897
493,0.871794,0.025641
494,0.461538,0
495,0,0.128205
496,0.358974,0.051282
497,2.89743,1.84615
498,0.871794,1.41026
499,0,0.128205
500,0.384615,0
501,0,0
502,0.717948,0
503,0.205128,0
504,0.025641,0.076923
505,0,0.051282
506,0.282051,0
507,0,0.076923
508,0.025641,0.179487
509,0.051282,0.025641
510,0.487179,0
511,0,0
512,0,0.051282
513,0,0.102564
514,0.333333,0
515,8.17948,0.076923
516,0.282051,0.025641
517,0,0.564102
518,0,0.025641
519,2.76923,0.282051
520,0.051282,0.051282
521,0,0.179487
522,0,0.025641
523,0.102564,0.153846
524,0.307692,0
525,0.717948,0.025641
526,0.025641,0
527,0.128205,0.025641
528,0,0.025641
529,0,0.179487
530,0.205128,0
531,0,0.179487
532,0.179487,0
533,0.025641,0
534,0,0.461538
535,0,0
536,0.128205,0
537,0.051282,0
538,0.538461,0
539,0.179487,0
540,0.384615,0
541,0.179487,0.025641
542,0,0.179487
543,1.07692,0.025641
544,8.79486,0.051282
545,0,0.025641
546,0,0
547,0,0
548,0,0.461538
549,0,0.153846
550,0.051282,0
551,0.205128,0
552,0,0.589743
553,0,0
554,0,0
555,0,0.666666
556,0.128205,0.025641
557,0,0.153846
558,0.179487,0
559,0.205128,0
560,0,0.307692
561,0.358974,0
562,0,0.025641
563,0.025641,0.538461
564,0,0.179487
565,0.589743,0.025641
566,0,0.051282
567,0.076923,0
568,0,0.128205
569,0.333333,0
570,0.615384,0
571,2.61538,2.51282
572,0.076923,0
573,6.94871,0.128205
574,0.051282,0.076923
575,0,0.025641
576,0,0.025641
577,0.128205,0
578,0,0.384615
579,0,0
580,0.102564,0
581,0,0.128205
582,0,0
583,0,0
584,0.128205,0
585,0.102564,0
586,0,0.102564
587,0.128205,0
588,0,0.076923
589,0,0
590,0,0.076923
591,0.410256,0.025641
592,0.025641,0.153846
593,0.692307,0.025641
594,0,0.051282
595,0,0.871794
596,0.333333,0
597,0,0.076923
598,0,0
599,0.128205,0
600,0,0.025641
601,0.051282,0.025641
602,0.051282,0
603,0.025641,0.025641
604,0,0.051282
605,0,0.128205
606,0,0.051282
607,0.128205,0
608,0,0
609,0,0
610,0,0
611,0,0
612,0.179487,0
613,0,0
614,0,0.076923
615,0,0.666666
616,0.076923,0.025641
617,0,0.076923
618,0,0
619,0,0
620,0.076923,0.025641
621,0,0
622,0.128205,0
623,0,0
624,0,0.051282
625,0,0.179487
626,0.051282,0.025641
627,0.051282,0
628,0,0
629,0.051282,0
630,0.025641,0
631,0.076923,0
632,0.128205,0
633,0,0
634,0,0.179487
635,0,0
636,0,0.282051
637,0.153846,0
638,0,0
639,0,0
640,5.5641,0.128205
641,0.102564,0
642,0,0.128205
643,0,0.128205
644,0,0.358974
645,0.307692,0.025641
646,0,0.435897
647,0,0.487179
648,9.64102,0.051282
649,0.025641,0.025641
650,0,0
651,1.79487,1.58974
652,0,0
653,1.79487,2.41025
654,0,0.230769
655,0,0
656,0,0
657,0.025641,0
658,0,0.025641
659,0.128205,0
660,0.076923,0.051282
661,0,0
662,0,0.025641
663,0.051282,0
664,0,0.128205
665,0,0.051282
666,0.25641,0.025641
667,0,0
668,0,0
669,0,0
670,0,0
671,0.025641,0
672,0.128205,0
673,0,0.051282
674,0,0.025641
675,0,0.051282
676,0,0.128205
677,0,0.025641
678,0.051282,0
679,0.051282,0
680,0,0.076923
681,0,0.102564
682,0.025641,0
683,0,0.153846
684,0,0
685,0,0
686,0,0.076923
687,0,0.051282
688,0.076923,0
689,0,0
690,0.051282,0.051282
691,0,0.051282
692,0,0.025641
693,0.128205,0.025641
694,0.025641,0.051282
695,0.025641,0.179487
696,0.025641,0
697,0,0
698,0.025641,0
699,0,0.102564
700,0,0
701,4.02564,0.025641
702,0.051282,0
703,0.025641,0
704,0.076923,0.128205
705,0,0.025641
706,0,0
707,0.051282,0
708,0,0.051282
709,0,0
710,0,0.051282
711,0.743589,0.435897
712,0,0
713,0,0
714,0,0.051282
715,0,0
716,0,0
717,0,0.025641
718,0,0.333333
719,0,0.025641
720,0,0
721,0.025641,0
722,0,0.025641
723,0,0.025641
724,0.025641,0.025641
725,0,0
726,0.025641,0
727,0,0
728,0,0.102564
729,0.051282,0
730,0,0.025641
731,0,0.051282
732,0,0.025641
733,0.025641,0
734,0.025641,0
735,0,0.051282
736,0,0
737,0,0
738,0,0
739,0.051282,0
740,0.025641,0
741,0.794871,0.128205
742,0,0
743,0,0
744,0,0
745,0,0.076923
746,0,0.051282
747,0,0
748,0,0
749,0.128205,0
750,1.28205,0
751,0,0
752,0,0
753,0,0
754,0,0
755,0,0.025641
756,0.307692,0
757,0,0
758,0,0.102564
759,0,0.025641
760,0,0
761,0,0
762,0,0.051282
763,0.102564,0
764,0,0
765,0,0
766,0,0.051282
767,0.384615,0.179487
768,0,0
769,0,0
770,0,0
771,0.333333,0.230769
772,0.487179,0
773,0,0
774,0,0
775,0,0.051282
776,0,0.025641
777,0,0
778,0,0
779,0,0.051282
780,0,0
781,0,0
782,0,0
783,0.179487,0.358974
784,0,0
785,0,0
786,0,0.025641
787,0,0
788,0.435897,0
789,0,0.051282
790,0,0
791,0,0.051282
792,0,0
793,0,0.025641
794,0,0.025641
795,0,0
796,0,0.205128
797,0,0.025641
798,0,0
799,0,0.025641
800,0,0.051282
801,0,0.076923
802,0,0.025641
803,0,0
804,0,0
805,0,0
806,0,0
807,0,0.076923
808,0,0
809,0,0.025641
810,0,0
811,0,0
812,0.051282,0.358974
813,0,0
814,0,0
815,0,0
816,0,0
817,0,0
818,0,0
819,0,0
820,0,0
821,0,0
822,0,0
823,0,0
824,0,0
825,0,0
826,0,0
827,0,0
828,0,0
829,0,0
830,0,0
831,0,0
832,0,0
833,0,0
834,0,0
835,0,0
836,0,0
Imbalance analysis (in edges contribution):
Vertex,PositiveSum,NegativeSum
0,0,0
1,0,0
2,0,0
3,0,0
4,0,0
5,0,0
6,0,0
7,0,0
8,0,0
9,0,0
10,0,0
11,0,0
12,0,0
13,0,0.076923
14,0,0
15,0,0
16,0,0
17,0,0
18,0,0
19,0,0
20,0,0.025641
21,0,0
22,0,0
23,0,0
24,0,0.025641
25,0,0
26,0,0
27,0,0
28,0,0
29,0,0.025641
30,0,0
31,0,0
32,0,0
33,0,0
34,0,0
35,0,0
36,0,0.615384
37,0,0.102564
38,0,0
39,0,0.102564
40,0,0
41,0.410256,0
42,0,0
43,0,0.076923
44,0,0.051282
45,0,0.051282
46,0,0.025641
47,0,0
48,0,0.230769
49,0,0.128205
50,0,0.102564
51,0,0
52,0,0
53,0,0.076923
54,0,0
55,0,0.153846
56,0,0
57,0,0
58,0,0.076923
59,0,0
60,0,0
61,0,0
62,0,0
63,0,0.051282
64,0,0
65,0,0.025641
66,0,0.051282
67,0,0
68,0,0
69,0,0
70,0,0.153846
71,0,0
72,0.717948,0
73,0,0.051282
74,0,0
75,0.102564,0.743589
76,0,0
77,0,0
78,0,0.025641
79,0,0.051282
80,0,0
81,0,0
82,0,0.076923
83,0,0.051282
84,0,0
85,0,0
86,0,0
87,0,0
88,0,0
89,0,0.051282
90,0,0.051282
91,0,0
92,0,0.051282
93,0,0
94,0,0
95,0,0
96,0,0.051282
97,0,0.051282
98,0,0
99,0,0.025641
100,0,0.153846
101,0,0.076923
102,1.64103,0
103,0,0.025641
104,0,0
105,0.179487,0
106,0,0
107,0,0
108,0,0
109,0,0.102564
110,0,0.025641
111,0,0.051282
112,0,0.076923
113,0,0.025641
114,0,0
115,0,0
116,0,0.153846
117,0.641025,0
118,0,0
119,0,0.230769
120,0,0.025641
121,0,0.025641
122,0,0
123,0,0.025641
124,0.076923,0.051282
125,0,0
126,0,0.230769
127,0,0.051282
128,0,0.025641
129,0,0.025641
130,0,0.051282
131,0.153846,0
132,0,0.025641
133,0.128205,0
134,0,0.076923
135,0,0
136,0,0
137,0,0
138,0.153846,0
139,0.846153,0.820512
140,0.487179,0.128205
141,0,0.051282
142,0.102564,0
143,0,0
144,0,0.076923
145,0,0.025641
146,0,0.025641
147,0.025641,0.025641
148,0,0
149,0.25641,0
150,0,0.051282
151,0.025641,0.051282
152,0,0
153,0,0.179487
154,0,0.025641
155,1.35897,0
156,0,0
157,0,0
158,0,0.179487
159,0,0.025641
160,0,0
161,0,0.051282
162,0.051282,0
163,0,0.051282
164,0,0
165,0,0.153846
166,0.025641,0
167,0,0.025641
168,0,0.205128
169,1.4359,0.102564
170,0,0
171,0.025641,0.205128
172,0.051282,0
173,0,0
174,0.102564,0
175,0,0
176,0,0.051282
177,0,0
178,0,0.307692
179,0,0
180,0,0.025641
181,0,0.025641
182,0.051282,0.230769
183,0,0.051282
184,0,0.076923
185,0,0.051282
186,0,0
187,0,0.076923
188,0,0.051282
189,0,0
190,0,0.025641
191,0,0
192,0,0.025641
193,0.025641,0
194,0,0
195,0,0.051282
196,0.102564,0
197,0,0
198,0.102564,0
199,0.051282,0
200,0.025641,0.051282
201,0,0.025641
202,0,0.051282
203,0,0.128205
204,0,0
205,0.051282,0
206,0.051282,0.025641
207,0,0
208,0,0.076923
209,0,0.128205
210,0.076923,0
211,0.025641,0
212,0,0.128205
213,0,0.153846
214,0,0
215,0,0
216,0,0
217,0.076923,0.025641
218,0.051282,0.179487
219,0,0.051282
220,0,0.025641
221,0,0
222,0.102564,0
223,0,0
224,0,0.153846
225,0,0
226,0,0.025641
227,0,0
228,0.025641,0.025641
229,0.025641,0.025641
230,0.025641,0
231,0.128205,0
232,0,0.102564
233,0,0.025641
234,0.051282,0.076923
235,0.051282,0
236,0.051282,0.025641
237,0,0
238,0.179487,0
239,3.33333,0
240,0,0.025641
241,0.051282,0
242,0,0.025641
243,0,0.128205
244,1.02564,0
245,0,0
246,0,0.051282
247,0,0.205128
248,0,0
249,0,0
250,0,0
251,0,0.076923
252,0,0
253,0.051282,0
254,0,0.025641
255,1.53846,0
256,0.076923,0.051282
257,0.076923,0
258,0.025641,0.076923
259,0,0.333333
260,0.153846,0
261,0,0.025641
262,0,0.025641
263,0,0.179487
264,0,0
265,0,0
266,0.025641,0
267,0,0.025641
268,0,0
269,0,0
270,0,0
271,0,0.051282
272,0,0.025641
273,0.076923,0.307692
274,0,0.076923
275,0,0.025641
276,0.051282,0.025641
277,0,0.025641
278,0,0
279,0,0
280,0.538461,0.025641
281,0,0
282,0,0.307692
283,0.025641,0
284,0,0.076923
285,0.051282,0.076923
286,1.87179,0.615384
287,0.025641,0.025641
288,0,0
289,0,0
290,0,0
291,0,0.076923
292,0,0.025641
293,0.076923,0.128205
294,0,0.128205
295,0.128205,0.282051
296,0,0.025641
297,0.102564,0.025641
298,0,0.025641
299,0,0.025641
300,1.89743,0.025641
301,0.051282,0
302,0,0.102564
303,0,0
304,0,0.051282
305,0,0
306,0,0
307,0,0.051282
308,0,0
309,0.230769,0.025641
310,0.128205,0
311,0.076923,0
312,0,0.025641
313,0.025641,0
314,0,0
315,0,0
316,0.051282,0.25641
317,0.025641,0
318,0,0.051282
319,0,0
320,0.025641,0.358974
321,0,0.076923
322,0,0.102564
323,0,0
324,0,0.230769
325,1.66667,0.435897
326,0,0.051282
327,0,0.128205
328,0.025641,0.179487
329,0,0.076923
330,0,0.025641
331,15.6667,0.102564
332,0,0.051282
333,0,0.128205
334,0,0.205128
335,0,0.128205
336,0,0.051282
337,0,0.076923
338,0.025641,0.205128
339,0,0.076923
340,0.179487,0
341,0,0.153846
342,0.102564,0
343,0,0.384615
344,1.20513,0
345,0,0
346,0,0.025641
347,0,0
348,0.076923,0.102564
349,0.051282,0
350,0,0.205128
351,6.43589,0
352,0,0.051282
353,3.1282,5.30769
354,0.051282,0.025641
355,0,0
356,0,0
357,0.128205,0
358,0.153846,0.025641
359,0,0.128205
360,0,0
361,0.230769,0
362,0.102564,0.025641
363,0,0.333333
364,0.025641,0.25641
365,2.58974,0.589743
366,0.076923,0
367,0,0.025641
368,0.102564,0
369,7.20512,0
370,0,0.025641
371,0,0
372,0.128205,0
373,0.358974,0.025641
374,0,0.128205
375,0.102564,0
376,0.153846,0
377,0,0
378,0,0.230769
379,0.102564,0
380,0.025641,0.076923
381,0,0
382,0.102564,0.025641
383,0.076923,0.025641
384,0.153846,0.025641
385,0,0.025641
386,0,0.128205
387,0.128205,0.025641
388,0.051282,0
389,0.051282,0.102564
390,0,0.128205
391,0,0.205128
392,0.102564,0.025641
393,0.025641,0.461538
394,0.076923,0
395,0.051282,0.025641
396,0.051282,0.051282
397,0,0.461538
398,0.307692,0
399,0.333333,0
400,0,0
401,14.2308,0.025641
402,0.128205,0
403,0.076923,0
404,0,0.435897
405,0.179487,0.025641
406,0.025641,0.205128
407,0.333333,0
408,0.128205,0
409,0,0
410,0,0
411,0.025641,0.025641
412,0,0.25641
413,0.282051,0
414,0,0.025641
415,0,0.051282
416,8.1282,0.025641
417,0.205128,0
418,0,0
419,8.10256,0.051282
420,0,0
421,0.025641,0
422,0.025641,0.025641
423,0,0.333333
424,0.102564,0
425,0.051282,0
426,4.02564,0
427,0.230769,0
428,0.102564,0.025641
429,0.179487,0
430,0,0.076923
431,0,0.051282
432,0.153846,0
433,0.025641,0
434,0.128205,0
435,0.179487,0
436,0.076923,0
437,0.051282,0.076923
438,1.07692,0.025641
439,0.128205,0.025641
440,0.153846,0.025641
441,4.23076,0.025641
442,0.128205,0.025641
443,0.128205,0
444,0.051282,0
445,0.282051,0
446,0.230769,0
447,0.051282,0.102564
448,0,0
449,0.948717,0.743589
450,0.025641,0
451,0,0.205128
452,0.179487,0.051282
453,0,0.051282
454,1.46154,0
455,0.025641,0.128205
456,0.358974,0
457,0.179487,0
458,0.25641,0
459,0,0.025641
460,0,0.333333
461,0,0.410256
462,0,0.051282
463,0.179487,0.025641
464,0.589743,0
465,0,0
466,0,0
467,0.307692,0
468,0,0
469,0,0.025641
470,0,0.025641
471,5.48718,9.51281
472,0,0.076923
473,0.128205,0
474,0,0
475,0.076923,0.076923
476,0.179487,0
477,0.179487,0.076923
478,0.076923,0.666666
479,8.05128,0.025641
480,0.128205,0.102564
481,1.5641,0
482,0.051282,0.051282
483,4.5641,0.358974
484,0.025641,0.230769
485,0.179487,0
486,0,0.025641
487,0.102564,0.641025
488,0.051282,0.051282
489,0,0.051282
490,0.076923,0.487179
491,4.66666,0.615384
492,0.076923,0.282051
493,0.923076,0
494,0.461538,0.051282
495,0.051282,0.025641
496,0.51282,0.25641
497,3.41025,2.84615
498,0.794871,2.84615
499,0.230769,0.128205
500,0.205128,0
501,0.025641,0.025641
502,0.692307,0
503,0.128205,0
504,0.025641,0.102564
505,0,0.051282
506,0.307692,0.128205
507,0.025641,0.025641
508,0.051282,0.282051
509,0.076923,0
510,0.435897,0.025641
511,0,0.025641
512,0.102564,0.179487
513,0.025641,0.076923
514,0.205128,0
515,14.9487,0.205128
516,0.128205,0
517,0.051282,0.487179
518,0.025641,0
519,4.6923,0.461538
520,0.076923,0.076923
521,0,0.307692
522,0.025641,0
523,0.025641,0.230769
524,0.205128,0.025641
525,0.666666,0
526,0.025641,0.025641
527,0.230769,0.025641
528,0,0.051282
529,0.333333,0.410256
530,0.076923,0.051282
531,0,0.307692
532,0.487179,0
533,0.025641,0
534,0,0.641025
535,0,0.025641
536,0.102564,0.025641
537,0.025641,0.051282
538,0.564102,0
539,0.282051,0.051282
540,0.948717,0
541,0.128205,0.025641
542,0,0.128205
543,2.92307,0.128205
544,18.4359,0
545,0.128205,0
546,0.153846,0.102564
547,0.102564,0.051282
548,0.051282,0.641025
549,0.051282,0.358974
550,0.128205,0.102564
551,0.282051,0
552,0,0.974358
553,0.025641,0
554,0.025641,0
555,0,0.51282
556,0.230769,0
557,0.153846,0.358974
558,0.205128,0.025641
559,0.307692,0
560,0,0.307692
561,0.717948,0
562,0.025641,0
563,0.205128,1.41026
564,0.076923,0.076923
565,0.999999,0
566,0.076923,0
567,0.076923,0
568,0,0.410256
569,0.589743,0.025641
570,1.28205,0.179487
571,7.25641,5.02564
572,0.051282,0.051282
573,18.359,0.25641
574,0.153846,0.307692
575,0,0.051282
576,0.102564,0.025641
577,0.384615,0
578,0,0.538461
579,0,0
580,0.589743,0.051282
581,0,0.25641
582,0,0.025641
583,0,0.025641
584,0.25641,0.051282
585,0.153846,0.025641
586,0.076923,0.051282
587,0.205128,0.051282
588,0.102564,0.230769
589,0,0.051282
590,0.179487,0.25641
591,0.974358,0
592,0.076923,0.282051
593,3.1282,0.051282
594,0,0.153846
595,0.205128,0.538461
596,0.692307,0.051282
597,0.051282,0.102564
598,0,0.102564
599,0.384615,0
600,0.051282,0.025641
601,0.358974,0
602,0.179487,0.025641
603,0.102564,0
604,0.025641,0.102564
605,0.282051,0.205128
606,0.128205,0.076923
607,0.205128,0.051282
608,0.051282,0.025641
609,0.025641,0
610,0.179487,0
611,0.051282,0.025641
612,0.435897,0
613,0.076923,0
614,0.025641,0.128205
615,0,1.15385
616,0.153846,0.025641
617,0.153846,0.205128
618,0.025641,0.025641
619,0.025641,0
620,0.282051,0
621,0.025641,0.025641
622,0.230769,0
623,0.051282,0.076923
624,0,0.153846
625,0.051282,0.230769
626,0.307692,0.179487
627,0.25641,0
628,0.025641,0.025641
629,0.153846,0.025641
630,0.051282,0.153846
631,0.307692,0
632,0.333333,0.076923
633,0,0.051282
634,0,0.358974
635,0.025641,0.153846
636,0.307692,0.615384
637,0.358974,0
638,0.076923,0.076923
639,0.102564,0.076923
640,0.358974,0.461538
641,0.333333,0
642,0,0
643,0,0.153846
644,0.179487,1.17949
645,0.666666,0.076923
646,0,0.487179
647,0,0.615384
648,26.9743,0.205128
649,0.153846,0
650,0.102564,0.025641
651,9.79487,5.6923
652,0.025641,0
653,10.1538,10.1538
654,0,0.358974
655,0,0.153846
656,0.128205,0.51282
657,0.358974,0
658,0.025641,0.051282
659,1.1282,0
660,0.179487,0
661,0.025641,0
662,0.153846,0.128205
663,0.153846,0.025641
664,0,1.23077
665,0.076923,0.102564
666,1.23077,0
667,0,0.051282
668,0.051282,0.025641
669,0.076923,0
670,0,0.076923
671,0.487179,0
672,0.538461,0.128205
673,0,0.230769
674,0,0.333333
675,0,0.025641
676,0,0.794871
677,0.153846,0.128205
678,0.76923,0.128205
679,0.128205,0.076923
680,0,0.307692
681,0,0.897435
682,0.717948,0
683,0.025641,1.02564
684,0.076923,0.025641
685,0.025641,0.153846
686,0.025641,0.333333
687,0.230769,0.051282
688,0.897435,0.025641
689,0,0.128205
690,0.487179,0
691,0,0.282051
692,0.358974,0.102564
693,0.974358,0
694,0.179487,0.102564
695,0.230769,1.1282
696,0.25641,0
697,0.025641,0.128205
698,0.615384,0
699,0.025641,0.461538
700,0.025641,0.025641
701,18.3077,0.102564
702,0.128205,0.205128
703,0.410256,0
704,1.46154,0.25641
705,0,0.025641
706,0.025641,0
707,1.15385,0
708,0,0.25641
709,0,0.435897
710,0.051282,0
711,7.02564,1.51282
712,0,0.051282
713,0.128205,0
714,0.076923,0.128205
715,0,0.384615
716,0,0.051282
717,0,0.051282
718,0.025641,1.25641
719,0.25641,0.102564
720,0.205128,0
721,0,0.307692
722,0.025641,0.076923
723,0.153846,0.025641
724,0.25641,0.076923
725,0.384615,0.025641
726,1.51282,0
727,0,0.307692
728,0,0.51282
729,0.487179,0.025641
730,0.128205,0
731,0.410256,0
732,0.051282,0.205128
733,0.692307,0
734,0.897435,0
735,0,0.230769
736,0.25641,0
737,0.153846,0.025641
738,0.128205,0.051282
739,0.923076,0
740,0.820512,0
741,6.33333,1.02564
742,0,0.025641
743,0,0.051282
744,0.25641,0.025641
745,0.153846,0
746,0,0.205128
747,0,0.025641
748,0.871794,0
749,0.384615,0.025641
750,8.66666,0.128205
751,0,0.102564
752,0.205128,0
753,0.076923,0.333333
754,0.666666,0.025641
755,0.230769,0.025641
756,8.20512,0.051282
757,0.230769,0.153846
758,0.025641,0.102564
759,0.230769,0.692307
760,1.15385,0
761,0.435897,0
762,0.128205,0.282051
763,0.205128,0.025641
764,0.794871,0
765,0.051282,0.051282
766,0.307692,0
767,7.23076,2.6923
768,0,0.641025
769,1.02564,0.179487
770,0.102564,0.102564
771,3.53846,1.38461
772,6.61538,0.076923
773,0.230769,0.282051
774,0.564102,0.051282
775,0.358974,0.076923
776,0.051282,0.102564
777,0.358974,0.461538
778,0.641025,0.076923
779,0.358974,0.692307
780,0.384615,0.153846
781,0.128205,0.25641
782,1.20513,0.128205
783,3.79487,3.07692
784,0.820512,0.179487
785,0.282051,0.179487
786,0.384615,0.076923
787,0.743589,0.410256
788,4.94871,0.051282
789,0.76923,0
790,0.461538,0.025641
791,0.128205,0.410256
792,0.205128,0.076923
793,0.153846,0.384615
794,0.230769,0.230769
795,0.564102,0.051282
796,4.84615,4.64102
797,0.358974,0.025641
798,0.282051,0
799,0.282051,0.487179
800,0.538461,0.179487
801,1.07692,2.76923
802,0.76923,0.128205
803,0.717948,0.205128
804,0.282051,0.051282
805,0.333333,0.461538
806,0.461538,0.384615
807,0.25641,0.179487
808,0.794871,0.102564
809,0.230769,0.076923
810,0.076923,0.102564
811,0.794871,0.307692
812,2.71795,3.07692
813,0.846153,0.230769
814,0.692307,0.333333
815,0.564102,0.25641
816,0.923076,0.307692
817,0.666666,0.307692
818,0.282051,0.307692
819,0.307692,0.435897
820,0.128205,1.10256
821,0.846153,0.076923
822,0.358974,0.076923
823,0.384615,0.282051
824,0.641025,0.205128
825,0.589743,0.051282
826,0.076923,0.153846
827,0.051282,0.333333
828,0.051282,0.333333
829,0.051282,0.333333
830,0.051282,0.333333
831,0.333333,0.051282
832,0.128205,0.410256
833,0.051282,1.20513
834,0.205128,0.333333
835,0.025641,0.358974
836,0.102564,0.358974

Cluster contribution to imbalance analysis (cluster-cluster matrix):
142.615, 227.436, 
194.282, 3.66666, 

