Global time spent: 7206.24
I(P) = 1604.46
Clustering configuration: 
 Partition 0 (721): [ 0 1 2 4 5 6 7 8 9 10 11 12 13 14 15 16 17 18 19 20 22 23 24 25 26 27 28 29 30 31 32 34 35 37 38 39 40 42 43 44 45 46 47 51 52 53 54 55 56 57 59 60 61 62 63 64 65 66 67 68 69 71 73 74 75 76 77 78 79 80 81 83 84 85 87 88 89 90 91 92 93 94 95 96 97 98 99 100 101 103 104 105 106 107 108 109 110 111 112 113 114 115 116 118 120 121 122 123 124 125 127 128 129 130 132 133 134 135 136 137 138 139 140 141 142 143 144 145 146 147 148 149 150 151 152 153 154 156 157 159 160 161 163 164 165 167 170 172 173 174 175 176 177 178 179 180 181 182 183 185 186 187 188 189 190 191 192 193 194 195 196 197 198 199 200 201 202 204 205 206 207 208 209 210 211 212 214 215 216 218 219 220 221 223 224 225 226 227 228 229 230 232 233 234 235 236 237 240 241 242 243 244 245 246 248 249 250 251 252 253 254 256 258 259 261 262 264 265 266 267 268 269 270 272 274 275 276 277 278 279 280 281 282 283 284 285 286 287 288 289 290 291 292 293 295 296 297 298 299 300 301 302 303 304 305 306 307 308 309 310 311 312 313 314 315 316 317 318 319 321 322 323 324 325 326 328 329 331 333 336 337 338 339 340 342 344 345 346 347 348 349 350 351 352 354 355 356 357 358 359 360 361 362 363 364 365 366 367 368 369 370 371 372 373 374 377 378 379 380 381 382 383 384 385 386 387 388 389 391 392 393 394 395 396 397 398 399 400 401 402 403 405 406 407 408 409 410 411 413 414 415 416 417 418 419 420 421 422 424 425 427 428 429 430 431 432 433 434 435 436 437 439 440 442 443 444 445 446 447 448 449 450 452 453 455 456 457 458 459 462 463 464 465 466 467 468 469 470 471 472 473 474 475 476 477 480 482 483 484 485 486 487 488 490 493 494 495 496 497 498 499 500 501 503 504 505 506 507 509 510 511 512 513 514 515 518 519 520 522 524 525 526 527 528 529 530 531 533 534 535 536 537 539 542 543 544 545 546 547 549 550 551 552 553 554 556 557 558 559 560 562 563 564 565 566 567 568 569 571 572 573 575 576 577 579 580 581 582 583 584 585 587 588 589 590 591 594 595 597 598 599 600 601 602 603 604 605 606 607 608 609 610 611 612 613 614 615 616 617 618 619 620 621 622 623 624 626 627 628 629 630 631 632 633 635 636 637 639 641 642 643 644 645 648 649 650 651 652 653 655 656 657 658 659 661 662 663 664 665 666 667 668 669 670 671 672 673 674 675 676 677 678 679 680 682 683 684 685 686 687 688 689 690 693 694 696 697 698 700 701 702 703 704 705 706 707 708 709 710 711 712 713 715 716 717 719 720 722 723 724 725 726 727 729 730 731 733 734 735 736 737 738 739 740 741 742 743 744 745 746 747 748 750 751 752 753 754 755 756 757 759 760 761 762 763 764 765 766 767 768 769 770 771 773 774 775 776 777 778 779 780 781 782 783 784 785 786 787 788 789 790 791 792 793 794 795 796 797 798 799 800 801 802 803 804 806 807 808 809 810 811 812 813 814 815 816 817 818 819 820 822 823 824 825 826 827 828 829 830 832 833 ] 
 Partition 1 (114): [ 3 21 33 36 41 48 49 50 58 70 72 82 86 102 117 119 126 131 155 158 162 166 168 169 171 184 203 213 217 222 231 238 239 247 255 257 260 263 271 273 294 320 327 330 332 334 335 341 343 353 375 376 390 404 412 423 426 438 441 451 454 460 461 478 479 481 489 491 492 502 508 516 517 521 523 532 538 540 541 548 555 561 570 574 578 586 592 593 596 625 634 638 640 646 647 654 660 681 691 692 695 699 714 718 721 728 732 749 758 772 805 821 831 834 ] 

Imbalance analysis (out edges contribution):
Vertex,PositiveSum,NegativeSum
0,0.035714,1
1,0.107142,0
2,0.071428,0
3,11.5714,0
4,0,0.42857
5,0.285715,0.071429
6,0,0.142857
7,0.071428,1.39286
8,5.82143,0
9,1.28571,0.035714
10,0.571428,0.107142
11,4.75,0.214285
12,17.9286,18.7857
13,0.285715,0.321428
14,1.10714,0.142856
15,0.035714,1.21429
16,6.46429,0
17,1.39286,3.92857
18,1.21428,0.285714
19,0,1.5
20,1.46429,0.107142
21,26.1786,0.178571
22,1.28571,0.107142
23,0.321428,0.035714
24,0.035714,0.857143
25,3.10714,0.071428
26,4.35714,0
27,0.071429,0.571428
28,0.642854,0.035714
29,0.071428,0.678572
30,0.035714,0.392857
31,2.42858,0.392856
32,0.035714,0.892858
33,2.82143,0.321428
34,0,0.892856
35,0.214286,1.5
36,9.10714,0
37,0.321428,0.357143
38,8,0.214286
39,3.85714,0.249998
40,0.321428,0.428572
41,15.0357,0.035714
42,1.53571,0.035714
43,3.10715,0.964285
44,9,0.857142
45,0,0.25
46,9.03572,7.57143
47,0.071428,0.071428
48,20.9286,0.035714
49,17.3571,0.142857
50,9.89286,0.178572
51,10.3214,4.39286
52,0.285715,0
53,8.00001,0.749999
54,0,0.178571
55,0.035714,0.107142
56,0,0.107142
57,0.035714,1.25
58,13.75,0.107143
59,0.035714,0.857142
60,0.035714,0.714286
61,0.571428,0.249999
62,3.17857,0.535712
63,2.64286,0
64,0,0.928572
65,0.035714,0.285714
66,4.25,0
67,0.071428,0.5
68,0.357143,0.035714
69,15.9643,27.5714
70,4.64286,0
71,6.10714,0.107142
72,11.8929,0
73,8.25,1.07143
74,3,0
75,1.57143,1.03571
76,0.071428,0.642856
77,0.535714,0.035714
78,0.142858,0.75
79,0.214285,0.32143
80,0.035714,0.428571
81,0.071428,0.392857
82,3.64286,0
83,16.1429,2.32142
84,0.035714,0.607143
85,0.035714,0.821428
86,30.2857,0.464286
87,0.071428,0.357143
88,0.357142,1.71428
89,0.178571,0.321428
90,0.642857,0.071428
91,0.285715,0.142857
92,0.035714,0.392857
93,1.39286,0.142857
94,0.071428,0.428573
95,3.10715,0.499998
96,0.071428,0.357144
97,2.60714,0.749995
98,0.071428,1.07143
99,0.67857,0.107142
100,6.03572,0.285715
101,0.035714,0.464285
102,15.4286,0.035714
103,3,0.357141
104,0.071428,1.32143
105,0.035714,0.82143
106,9.07143,22.0357
107,6.21429,2.14285
108,1.60714,0
109,0.892858,0.107142
110,2.14286,0.107142
111,0.071429,0.464285
112,0.25,0.178572
113,0.071428,0.571428
114,0,0.107142
115,0,0.499998
116,0.142857,0.25
117,5.74999,0.142856
118,0.142858,0
119,5.99999,0
120,0.178571,0.285712
121,4.21428,0.571427
122,0.035714,0.964288
123,0.642858,0.321427
124,0.035714,0.785713
125,0.750001,0
126,21.4643,0.214286
127,0.071429,1.60714
128,0.107143,0.821425
129,0.035714,0.785713
130,0.17857,3.78571
131,19.2857,0.321429
132,0.035714,0.035714
133,0.607141,0.25
134,0.107142,0.071429
135,0.035714,0.464286
136,0.107143,0
137,0.035714,0.357142
138,0.214286,0.535713
139,0.142857,1.10714
140,5.85715,1.53571
141,0.035714,0.214285
142,3.46429,1.42857
143,0.464284,0.035714
144,2.89286,0.285712
145,1.46429,0
146,0.785715,0.071429
147,0.035714,0.785715
148,1.21429,0
149,2.25,0.357142
150,2.35714,0
151,0,0.178571
152,0.25,0.035714
153,0.357143,0.035714
154,0.035714,1.60714
155,0.25,0
156,12.3571,2.14285
157,0.071428,0.642857
158,4.67857,0
159,1.82143,0.035714
160,0.285713,0.035714
161,0.035714,0.857143
162,3.28571,0
163,1.03571,0.67857
164,0.035714,0.535714
165,3.28571,0.214284
166,2.75,0
167,0.035714,0.535715
168,3.75,0.107143
169,3.14286,0
170,3.92857,0.571427
171,4.25,0.035714
172,0,0.857144
173,5.42857,0
174,0.107143,0.107143
175,3.71428,0.142856
176,1.82143,0.035714
177,0.892859,0.071428
178,0.214285,1.25
179,0.142856,0
180,0,0.142856
181,0.035714,1.25
182,1.24999,0.678566
183,2.75,0.071428
184,6.64286,0
185,0.321429,0.642854
186,0.035714,0.535714
187,1.42857,0
188,1.46429,0
189,1.71429,0.464286
190,0.964286,0
191,1.42857,0.142857
192,0.035714,0.214286
193,2.46429,0.928569
194,0.857143,0.035714
195,1.21429,0.035714
196,0.035714,0.642858
197,2.64286,0.964286
198,1.17857,0.035714
199,0.035714,0.464287
200,0.142856,0.821429
201,0,0.642858
202,0.035714,0.928572
203,7.32143,0
204,0.035714,0.464285
205,0.178572,0.249999
206,2.92857,0.178571
207,0.714287,0
208,0.285714,0.035714
209,1.92857,0.035714
210,0.107143,0.249999
211,0.071429,0.964285
212,4.78571,0.42857
213,7.07143,0
214,0.035714,0.535715
215,0.035714,0.535714
216,0,0.571428
217,8.07143,0.035714
218,0.214285,0.178571
219,2.5,0.107142
220,0.035714,0.392857
221,0.035714,0.607142
222,12.1786,0.071428
223,0.035714,1.21429
224,0.035714,0.214285
225,0.035714,0.785713
226,0.035714,0.714287
227,0.785714,0
228,0,0.571428
229,0.035714,0.107142
230,0.035714,0.321428
231,10.8571,0.250001
232,5.46429,0.60714
233,0.035714,0.285714
234,0.714284,0.035714
235,0.071429,1.14285
236,0.107143,0.642855
237,18.3571,2.85714
238,13.2143,0.035714
239,3.35714,0.035714
240,0,0.857141
241,0.035714,0.964286
242,0.035714,0.535714
243,3.5,0.142857
244,0.071428,0.571427
245,1.32143,0.071428
246,1.75,0.035714
247,3.53572,0
248,0.178572,2.57143
249,0.035714,0.535714
250,2.64286,0
251,0.357141,0.214284
252,0.535715,0
253,0.142857,0.035714
254,0.035714,0.5
255,9.71426,0.321428
256,0,0.749999
257,2.57143,0
258,0.035714,0.035714
259,0.428571,0.678572
260,9.92857,0.17857
261,0,0.571427
262,0,0.25
263,3.5,0
264,0,0.142857
265,0.821426,0.35714
266,0.035714,0.071428
267,1.14286,0
268,0.321429,0.392855
269,0,0.714286
270,4.21429,0.499998
271,0.392856,0.035714
272,0,1.75
273,9.53571,0
274,0.035714,0.821428
275,0.892858,0
276,0,0.571428
277,0.035714,0.928572
278,0.714286,0.42857
279,2.42857,0.321428
280,0.035714,0.249999
281,7.92857,12.6429
282,0.107143,0.678572
283,0,1.03571
284,0.607143,0
285,0.071429,0.5
286,0,0.285715
287,0,0.785713
288,2.75,0.75
289,6.64286,2.07143
290,10.7143,11.1071
291,5.89286,0.321429
292,0.607143,0.214285
293,5.32143,0.142857
294,2.5,0
295,0.107143,0.928569
296,0.035714,0.357142
297,0.107143,0
298,0,1.10714
299,0,0.428572
300,0.142857,0.642858
301,0,0.535714
302,2.32143,0
303,1.53572,0.035714
304,0,0.571429
305,0.035714,0.642858
306,0.714285,0
307,0.964286,0
308,0,0.25
309,0,0.5
310,0.035714,0.642857
311,0,0.214285
312,0,0.107143
313,4.21429,0.142856
314,1.35714,0.142856
315,0,0.392858
316,2.57143,0.107142
317,0,0.142857
318,0.214284,0
319,0.107142,0.035714
320,2.46429,0
321,0,0.107142
322,0,0.214286
323,0,0.749999
324,8.64286,0.142857
325,0,0.357142
326,1.03571,0.035714
327,3.85714,0
328,0.607143,0.25
329,2.53571,0.142856
330,9.42857,0
331,0,0.642857
332,4.21429,0
333,6.03572,0.321428
334,6.92857,0
335,3.78571,0
336,10.8929,6.28572
337,0.5,0
338,0.178571,0.428571
339,1.46429,0.142856
340,0,0.214286
341,3.25,0.035714
342,0,0.357142
343,3.21429,0
344,0.107143,0.285713
345,1.64286,0.178571
346,2.75,0.17857
347,1.42857,0.285714
348,0,0.035714
349,0,0.249999
350,0.035714,0.107143
351,0.321428,1.28571
352,0.642859,0.035714
353,6.46428,0
354,0,1.07143
355,1.53572,0
356,0.214285,0
357,0,0.357142
358,0,0.214285
359,0.107142,0.035714
360,0,0.107143
361,0,0.607143
362,0,0.285715
363,6.28571,2.39285
364,1.85714,0
365,0.071429,0.749998
366,0,0.821427
367,1.85714,0.035714
368,0,0.321428
369,0.25,0.785714
370,12.4643,9.39286
371,1.10714,0
372,0,0.321429
373,9.46429,5.82142
374,0.071428,0.892856
375,1.53571,0
376,2.92857,0
377,2.21428,0
378,0.250001,0.392857
379,0,0.214285
380,4,0.357142
381,0.464284,0.071428
382,0,0.107143
383,0,0.107143
384,0,0.392857
385,1.03571,0
386,2.39286,0.357141
387,0,0.107143
388,0,0.214285
389,0,0.428572
390,1.46429,0
391,1.14286,0
392,0,0.428572
393,0.178571,0.035714
394,0,0.357142
395,0,0.107143
396,6.75,0.035714
397,0,0.142857
398,0,0.321429
399,0,0.464286
400,0.892858,0.678573
401,0,0.428571
402,0,0.392857
403,0,0.392857
404,2.14286,0
405,0,0.285714
406,0.142858,0.678569
407,0,1.25
408,0,0.249999
409,1.21429,0
410,5.92858,3.64286
411,0,0.392858
412,1.10714,0
413,0.142857,0.107143
414,3.14286,0
415,0.249999,0.035714
416,0.892856,0.035714
417,0,0.107143
418,2.21428,0
419,0,0.25
420,4.21429,0.5
421,1.07143,0.035714
422,0.357142,0.321427
423,4.32143,0.142857
424,0.107143,0.214285
425,0.428572,0
426,1.96429,0
427,0.035714,0.107143
428,0.464284,0
429,0,0.249999
430,0,0.107143
431,0.214285,0
432,0,0.249999
433,0.035714,0.107142
434,0,0.285713
435,0,0.428571
436,0,0.214285
437,0,0.142857
438,12.8929,0.25
439,0.178571,0.25
440,0,0.642857
441,1.85714,0
442,0,0.285715
443,1.64286,0.071428
444,2.78571,0.892856
445,0,0.464285
446,0,0.607143
447,0.607142,0.285713
448,0.785715,0.392856
449,3,4.17857
450,0.928572,0.035714
451,3.14286,0
452,0,0.464285
453,4.57143,0.249999
454,15.0714,0.142857
455,4.57143,0.142856
456,0,0.285714
457,0,0.392858
458,0,0.5
459,0.571428,0.107142
460,3.07143,0
461,3.92857,0
462,0,0.428571
463,0.035714,0.178572
464,0,0.392855
465,0.142857,0
466,1.57143,0
467,0,0.321428
468,0.642857,0.321428
469,0.249999,0
470,0.107143,0.035714
471,0,0.499999
472,0.5,0
473,0.035714,0.214285
474,0.642857,0
475,0.035714,0.178572
476,0,0
477,0,0.42857
478,2.32143,0
479,6.67858,0.214285
480,0.035714,0.499999
481,13.7143,0.142856
482,0,0.321427
483,0.071429,0.357142
484,0,0.214286
485,0,0.428571
486,0.214286,0
487,0.214284,0.357143
488,7.10714,1.14285
489,23.2143,0
490,0.321427,0.964279
491,1.35714,0
492,2.71428,0
493,0,0.321428
494,0,0.214285
495,3.39286,6.92858
496,0.178571,0.214286
497,0,0.071429
498,0.035714,0.42857
499,0,0.642854
500,0,0.321428
501,0.071428,0.035714
502,6.21429,0.035714
503,0,0.178571
504,0.142857,0.035714
505,0.071429,0.178571
506,0,0.5
507,0.071428,0
508,7.42857,0
509,0.071429,1.53571
510,0,0.571428
511,0.964286,0.071428
512,1.71429,0.071428
513,0.321429,0.035714
514,0,0.571429
515,0.071428,0.464285
516,1.89285,0
517,1.57143,0
518,1.25,0
519,0,0.321429
520,0,0
521,3,0
522,5.14286,15.4643
523,1.75,0
524,0,0
525,0,0.25
526,0.142857,0
527,0,0.035714
528,3.75,0.357142
529,0.071428,0.107142
530,0,0.071428
531,2.75,0.178571
532,1.53571,0.035714
533,0.25,0
534,0.035714,0.142857
535,0,0
536,0,0.035714
537,0.035714,0.071428
538,3.17857,0
539,0,0.142857
540,1.07143,0
541,0.571427,0
542,0.285714,0
543,0,0.392856
544,0,0.071428
545,0.535715,0.142857
546,0,0.107143
547,0,0.035714
548,2.57143,0
549,0.071428,0.035714
550,0,0.071429
551,0,0.071429
552,0,0.035714
553,0.785714,0.142856
554,1.14286,0
555,2.35714,0
556,0,0.142857
557,0.035714,0
558,0,0.071428
559,0,0.071428
560,0.071429,0
561,11.25,0.357142
562,0.107143,0.071428
563,0.35714,0.214284
564,2.25,0.142857
565,1.85714,0.142856
566,0.392858,0.071428
567,0,0.214285
568,0.107142,0
569,0,0.214285
570,1.28571,0
571,0,0.464287
572,0,0.071429
573,0,0.142857
574,1.17857,0
575,3.42857,1.21429
576,0.214286,0
577,0,0
578,0.964283,0
579,2.71429,4.39286
580,0,0.035714
581,1.46429,0.107142
582,0.642857,0.071428
583,0.535714,0.107142
584,0,0.142857
585,0,0
586,1.25,0
587,0,0.035714
588,0.249999,0.035714
589,0.285715,0.035714
590,0.285715,0
591,0,0
592,1.78571,0
593,4.78572,0
594,0,0.035714
595,0,0.17857
596,0.071428,0
597,0.035714,0.071428
598,0,0.071428
599,0,0.035714
600,0.428572,0
601,0.714286,0.249998
602,0,0.035714
603,0.357143,0
604,0.357142,0
605,0.250001,0
606,0.892856,0.357141
607,0,0.071428
608,0.249999,0.142856
609,0.32143,0
610,0.214285,0
611,0.285715,0.107142
612,0,0.25
613,1.85715,0.107142
614,0,0
615,0.035714,0.071428
616,0.035714,0.071429
617,0,0.035714
618,0.321429,0.035714
619,3.14286,3.03571
620,0,0.107143
621,0.392857,0.214286
622,0.035714,0.071428
623,0.178572,0
624,0,0.035714
625,1.35714,0
626,0,0.035714
627,0,0.035714
628,0,0.071429
629,0,0.107143
630,0,0.142856
631,0,0.035714
632,0,0.071428
633,0,0.142858
634,1.71428,0
635,0.250001,0.178572
636,0.035714,0.42857
637,0,0.035714
638,0.714284,0
639,0.035714,0.035714
640,1.10714,0
641,0.249999,0
642,0,0
643,0.607142,0
644,0.857146,0.249999
645,0,0.071428
646,1.10714,0
647,2.42857,0
648,0,0.035714
649,2.07143,1.57143
650,0,0.035714
651,0,0.25
652,0.357143,0.071428
653,0,0.107142
654,0.499999,0
655,0.428572,0.071428
656,0.107143,0
657,0,0.035714
658,0.178572,0
659,0.035714,0
660,3.85714,0
661,0.071428,0
662,0,0.357141
663,0,0.035714
664,0.607143,0.178572
665,0.642859,0.464286
666,0,0.035714
667,0.142857,0.035714
668,0.857144,0.107142
669,0.035714,0.035714
670,0.178572,0
671,0,0
672,0,0
673,0.785714,0
674,0.035714,0
675,0.285715,0
676,0.035714,0.035714
677,0.035714,0.071428
678,0,0.071428
679,0,0
680,0,0
681,1.10714,0
682,0,0.071428
683,1.35714,0.607142
684,0,0.071429
685,0,0
686,0,0
687,0,0
688,0,0.035714
689,0.071429,0
690,0,0.214285
691,0.857143,0
692,0.857142,0
693,0,0.035714
694,0.035714,0
695,0.714285,0
696,0,0.035714
697,0.071428,0.071428
698,0,0.035714
699,1.07143,0
700,0.464286,0.17857
701,0,0.107143
702,0.214285,0.321427
703,0,0.071428
704,0,0.035714
705,0,0
706,0.321428,0
707,0,0.035714
708,0.178571,0.107143
709,0,0
710,0,0.107143
711,0,0.071428
712,0.499999,0
713,1.17857,0.357141
714,0.642857,0
715,0.178572,0
716,0.035714,0.035714
717,0.035714,0
718,0.892857,0
719,0,0.107142
720,0.535715,0.285712
721,0.392857,0
722,0.571429,0.285714
723,0,0
724,0,0
725,0,0.035714
726,0,0
727,0.071429,0
728,0.571427,0
729,0,0.035714
730,0.107143,0
731,0,0
732,0.142857,0.035714
733,0,0.035714
734,0,0
735,0,0
736,0.071429,0
737,0,0.035714
738,0.071429,0.214285
739,0,0.035714
740,0,0
741,0,0.035714
742,0.214286,0.035714
743,0,0.071428
744,0,0
745,0.107142,0.142856
746,0.285714,0.035714
747,0.357143,0
748,0,0.035714
749,0.107143,0
750,0,0.214285
751,0.035714,0
752,0,0
753,0.071428,0
754,0,0.035714
755,0,0
756,0,0
757,0,0
758,1.53571,0.107143
759,0,0
760,0,0
761,0,0.035714
762,0.035714,0
763,0,0.214284
764,0,0
765,0.321429,2.17858
766,0,0
767,0,0.071429
768,0,0
769,0.214286,0
770,0,0
771,0,0.107142
772,0,0
773,0,0
774,0.142858,0
775,0.107142,0.035714
776,0,0
777,0.035714,0.035714
778,0,0.035714
779,0.142858,0.035714
780,0,0
781,0.142857,0.035714
782,0,0.071428
783,0,0
784,0.107142,0.071428
785,0.178572,0
786,0.178572,0.107142
787,0,0.035714
788,0,0
789,0,0.071428
790,0.178572,0
791,0,0
792,0,0
793,0.214286,0
794,0,0
795,0.357142,0.571427
796,0,0
797,0.035714,0.071428
798,0.107143,0
799,0.25,0
800,0,0
801,0,0
802,0.035714,0.035714
803,0,0
804,0,0
805,0.607142,0
806,0,0
807,0.071429,0
808,0,0.035714
809,0.071429,0
810,0.071429,0
811,0,0
812,0,0.035714
813,0,0.035714
814,0.035714,0
815,0,0.035714
816,0,0
817,0,0
818,0.178572,0.178572
819,0,0
820,0,0
821,0.285715,0
822,0,0
823,0,0
824,0,0
825,0,0
826,0,0
827,0,0
828,0,0
829,0,0
830,0.035714,0.035714
831,0,0
832,0,0
833,0,0
834,0,0
Imbalance analysis (in edges contribution):
Vertex,PositiveSum,NegativeSum
0,0,0
1,0,0
2,0,0
3,0,0
4,0,0
5,0,0
6,0,0
7,0,0
8,0.107143,0
9,0,0
10,0,0
11,0.071429,0
12,0.178571,0.107143
13,0,0
14,0,0
15,0,0.107143
16,0.035714,0
17,0,0.107143
18,0,0
19,0,0.107143
20,0,0
21,1.03571,0
22,0.107143,0
23,0,0
24,0,0.107143
25,0.035714,0
26,0.107143,0
27,0,0
28,0.178571,0
29,0.071429,0
30,0,0.035714
31,0,0.071429
32,0,0.035714
33,0.071428,0
34,0,0.035714
35,0.035714,0
36,0.428572,0
37,0.035714,0
38,0.321428,0.071429
39,0.214286,0.071428
40,0.071429,0
41,1,0
42,0,0
43,0.035714,0.071429
44,0.571428,0.071429
45,0,0
46,0.535714,0.392857
47,0,0
48,1.07143,0
49,1.03571,0
50,0.428572,0
51,0.607143,0.285714
52,0.142857,0
53,1.10714,0
54,0,0
55,0,0
56,0,0
57,0,0.107143
58,1.71429,0
59,0,0.035714
60,0,0.071429
61,0.035714,0
62,0.107143,0
63,0.714286,0
64,0,0.071429
65,0,0.035714
66,0.892857,0
67,0,0
68,0,0
69,1.17857,1.96429
70,0.357143,0
71,0.785716,0
72,2,0
73,0.785715,0.035714
74,0.357143,0
75,0.071428,0.071429
76,0,0.25
77,0,0
78,0,0.107143
79,0.178572,0.035714
80,0,0.142857
81,0,0.178572
82,1.10714,0
83,2.42857,0.107142
84,0,0.178572
85,0,0.357143
86,5.57143,0.142857
87,0,0.178572
88,0.250001,0.142856
89,0.142857,0.035714
90,0.285715,0
91,0.178572,0
92,0,0.107143
93,0.25,0.035714
94,0,0.071428
95,0.392857,0.035714
96,0,0
97,0.571428,0.142857
98,0,0.500001
99,0.285715,0
100,1.75,0
101,0,0.142858
102,3.25,0
103,0.285715,0.035714
104,0,0.321428
105,0,0.321428
106,1.39286,3.03572
107,1,0.25
108,0.357143,0
109,0.250001,0
110,0.785715,0
111,0,0.214286
112,0.107143,0.035714
113,0,0.428571
114,0,0
115,0,0.107143
116,0.035714,0
117,0.964285,0.178572
118,0,0
119,1.32143,0
120,0,0.035714
121,0.607142,0.035714
122,0,0.285715
123,0.285715,0
124,0,0.357142
125,0.392857,0
126,4.67857,0
127,0,0.785714
128,0.035714,0.428571
129,0.035714,0.571429
130,0.035714,0.785712
131,4.64286,0.035714
132,0.035714,0
133,0.107143,0.142857
134,0.035714,0.035714
135,0,0.392856
136,0.142857,0
137,0,0.142857
138,0.071428,0.071428
139,0.107143,0.642859
140,1.75,0.321428
141,0,0.035714
142,0.678572,0.071428
143,0.214285,0
144,0.642856,0.035714
145,0.464287,0
146,0.178572,0
147,0,0.285714
148,0.321429,0
149,0.392858,0
150,1.03571,0
151,0,0.035714
152,0.035714,0.035714
153,0.214286,0.035714
154,0,0.535714
155,0.25,0
156,3.10714,0.142856
157,0.071429,0.464286
158,1.07143,0
159,1.14286,0.035714
160,0.035714,0
161,0,0.357143
162,1.07143,0
163,0.357143,0.071428
164,0,0.250001
165,0.785716,0.107142
166,0.714286,0
167,0,0.5
168,0.749999,0
169,1.21429,0
170,0.892856,0.035714
171,1.21428,0.035714
172,0,0.321428
173,1.89286,0.035714
174,0.321429,0.035714
175,0.892855,0
176,0.321429,0
177,0.25,0
178,0.392858,0.607141
179,0,0
180,0,0.035714
181,0,0.571427
182,0.428568,0.428568
183,1.17857,0
184,1.96429,0
185,0.035714,0.071428
186,0,0.250001
187,0.571429,0
188,0.571428,0
189,0.25,0.035714
190,0.428572,0
191,0.428571,0
192,0,0.107143
193,0.571428,0.214286
194,0.25,0
195,0.357143,0
196,0,0.428572
197,0.642858,0.214284
198,0.249999,0.071428
199,0.071429,0.214286
200,0.142858,0.642857
201,0,0.142858
202,0,0.392857
203,1.89286,0
204,0.035714,0.285714
205,0.285715,0.178572
206,1.25,0.035714
207,0.285714,0
208,0.178571,0
209,0.642857,0
210,0.035714,0.107143
211,0,0.678572
212,1.53572,0.107142
213,2.53571,0
214,0,0.5
215,0,0.250001
216,0,0.107143
217,3.67857,0.035714
218,0.25,0.107142
219,0.714287,0.035714
220,0,0.142858
221,0.214287,0.25
222,5.53572,0
223,0,0.464285
224,0,0.035714
225,0.035714,0.357143
226,0.035714,0.249999
227,0.357143,0
228,0,0.321429
229,0,0.071428
230,0,0.142858
231,4.42857,0
232,2.5,0.071428
233,0.035714,0.142857
234,0.464287,0.035714
235,0.214286,0.464285
236,0.214287,0.392855
237,8.14286,0.607142
238,6.28572,0
239,1.39286,0
240,0,0.285715
241,0,0.678571
242,0,0.250001
243,1.82143,0
244,0.071428,0.357144
245,0.464287,0
246,0.642857,0
247,1.42857,0
248,0.035714,1.53571
249,0,0.250001
250,1.07143,0
251,0.035714,0.071428
252,0.535715,0
253,0,0.035714
254,0,0.250001
255,4.32142,0.249999
256,0,0.357142
257,1.21429,0
258,0.035714,0
259,0.357142,0.357144
260,5.03571,0.035714
261,0,0.178572
262,0.214286,0.214285
263,1.21429,0
264,0.071428,0.035714
265,0.535714,0.107142
266,0.071429,0
267,0.357144,0
268,0.178572,0.142857
269,0.071428,0.607143
270,1.82143,0.142857
271,0.107142,0
272,0.071428,0.714285
273,5.07143,0
274,0.071428,0.42857
275,0.42857,0
276,0.035714,0.535715
277,0.071429,0.785713
278,0.178571,0
279,0.607144,0.142858
280,0,0.107142
281,3.67857,5.32144
282,0,0.142857
283,0.035714,0.785713
284,0.5,0
285,0.071428,0.392858
286,0.071428,0.464285
287,0.107142,0.392856
288,0.785713,0.107143
289,4.39286,0.785712
290,6.07142,5.28572
291,3.82143,0.071429
292,0.107143,0
293,3.71429,0.214286
294,1.32143,0
295,0.5,0.928567
296,0.071428,0.071428
297,0.285714,0
298,0.035714,0.821427
299,0.107143,0.107142
300,0.821427,0.750001
301,0.107143,0.464285
302,2.10714,0
303,0.678572,0
304,0.035714,0.357143
305,0.035714,0.321428
306,0.464286,0
307,0.321428,0
308,0.035714,0.214285
309,0.035714,0.392857
310,0.035714,0.714286
311,0.392858,0.214286
312,0,0.035714
313,3.21429,0
314,0.357143,0
315,0.107143,0.214285
316,1.5,0.214284
317,0,0.035714
318,0.035714,0
319,0.392858,0
320,1.71428,0
321,0,0
322,0.071428,0.285714
323,0.071429,0.75
324,6.14286,0
325,0.071428,0.464287
326,0.67857,0.071429
327,3.57143,0
328,0.499999,0
329,1.17857,0.071428
330,8.21429,0
331,0.071428,0.500001
332,2.92857,0
333,3.82143,0.142857
334,4.85714,0
335,3.07143,0
336,7.67857,3.5
337,0.25,0
338,0.25,0.071429
339,0.428571,0.071428
340,0.142857,0.285716
341,2.89286,0
342,0.035714,0.428573
343,2.96428,0
344,0.071428,0.285714
345,0.535713,0.107143
346,1.25,0.035714
347,1.32143,0
348,0.5,0.107142
349,0.071428,0.285714
350,0,0.035714
351,0.964285,0.75
352,0.464286,0
353,6.17857,0
354,0.071428,1
355,0.785715,0
356,0.071429,0
357,0.071428,0.321429
358,0.392858,0.214286
359,0.321429,0
360,0.035714,0.107143
361,0.035714,0.678572
362,0.178571,0.142858
363,6,1.75
364,1.57143,0
365,0,0.392858
366,0.178572,0.535713
367,1.03572,0.035714
368,0.035714,0.428573
369,0.178571,0.892858
370,9.28571,6.96429
371,0.285714,0.035714
372,0.035714,0.5
373,8.28571,4.35714
374,0.214285,0.214285
375,1.60714,0
376,3.14286,0
377,1.67857,0.071429
378,0.464286,0.285714
379,0.107143,0.464287
380,2.71429,0
381,0.142857,0.035714
382,0.107143,0.107142
383,0.035714,0.107142
384,0.107143,0.142857
385,0.214286,0
386,2.10714,0.17857
387,0.071429,0.321429
388,0,0.035714
389,0.035714,0.42857
390,1.89286,0
391,0.892856,0
392,0.035714,0.892857
393,0.392854,0.035714
394,0.071428,0.357143
395,0.035714,0.25
396,6.03571,0.035714
397,0.392858,0.285714
398,0.035714,0.357143
399,0.071429,0.714286
400,0.428572,0.428573
401,0.035714,0.321429
402,0.035714,0.607144
403,0.035714,0.571431
404,2.96428,0
405,0.071428,0.928572
406,0.464287,0.428571
407,0.071429,1.46429
408,0.035714,0.535716
409,0.499999,0.071428
410,5.21428,2.60714
411,0,0.464284
412,2.03571,0
413,0,0.071429
414,3.28571,0
415,0.178572,0
416,0.928572,0.035714
417,0.035714,0.464286
418,1.67857,0.071429
419,0,0.285714
420,1.85714,0.321429
421,0.857142,0
422,0.178571,0.107142
423,4.14286,0.107143
424,0.285715,0
425,0.142856,0
426,3.67857,0
427,0.285715,0.357143
428,0.285714,0
429,0.035714,0.535716
430,0.035714,0.107143
431,0.25,0
432,0.107143,0.428572
433,0.142857,0.071428
434,0.035714,0.642859
435,0.071429,0.785715
436,0,0.249999
437,0.107143,0.392859
438,15.3929,0.035714
439,0.428571,0.071429
440,0.071429,1.25
441,4.60714,0
442,0,0.750001
443,1.82143,0
444,1.67857,0.785714
445,0.107143,0.821428
446,0,0.857143
447,0.178571,0.142856
448,0.142857,0.249999
449,3.75,4.60715
450,0.535714,0
451,4.10714,0
452,0.035714,0.607142
453,4.75,0.321429
454,21.8571,0
455,5.60715,0.107143
456,0.107142,0.571429
457,0,0.82143
458,0.107143,0.964286
459,0.607143,0
460,5.57143,0
461,6.25,0.071429
462,0.071428,0.857144
463,0.107143,0.071428
464,0.035714,0.750001
465,0.071429,0
466,2,0.035714
467,0.071428,0.821428
468,0.178571,0.17857
469,0.071429,0
470,0.25,0
471,0,0.892857
472,0.25,0
473,0,0.214286
474,0.571428,0
475,0.071429,0.321428
476,0,0.035714
477,0.035714,0.464284
478,3.60714,0
479,10.8929,0.214285
480,0.571429,1.35714
481,24.5,0.035714
482,0,0.964286
483,0.035714,0.535714
484,0.142857,0.107143
485,0.035714,0.821429
486,0.5,0
487,1.14286,0.285714
488,11.3929,1.25
489,43.1071,0.071428
490,0.249998,1.74999
491,2.78571,0
492,5.67857,0
493,0,0.392858
494,0.035714,0.214286
495,5.46428,11.4643
496,0.357143,0.499999
497,0.678574,0.392856
498,0.571429,1.42857
499,0.321428,2
500,0.071428,0.428571
501,0.107143,0
502,8.64286,0
503,0.035714,0.321429
504,0.107143,0
505,0.035714,0.035714
506,0.071428,1.14286
507,0.499999,0
508,16,0
509,0.25,3.25
510,0.071428,1.17857
511,1.92857,0
512,4.14286,0.285714
513,1.64286,0
514,0.071429,1.39286
515,0.571429,0.857142
516,4.25,0
517,3.46428,0
518,3.46429,0
519,0.035714,0.500001
520,0.250001,0.107143
521,6.46428,0.071429
522,9.75,30.4643
523,3.67857,0.035714
524,0.142857,0.142857
525,0.249999,1.35714
526,0.571429,0.035714
527,0,0.214286
528,9.53572,0.071428
529,0.857145,0.821427
530,0.035714,0.499999
531,8.28572,0.285713
532,5.14285,0.071429
533,0.785714,0.035714
534,0.142857,0.428572
535,0.071429,0
536,0.035714,0.428571
537,0,0.035714
538,8.53571,0.071429
539,0.107142,1.10714
540,3.10714,0
541,1.89286,0
542,1.67857,0.107142
543,0.607143,1.46428
544,0,0.428571
545,1.32143,0.071428
546,0.107143,0.57143
547,0.392858,0.392857
548,6.07143,0.142857
549,0.607143,0.142856
550,0.178571,0.607143
551,0.035714,0.75
552,0.071429,0
553,1.53571,0
554,3.57143,0.071428
555,6.17857,0
556,0.035714,0.82143
557,0.249998,0.17857
558,0.035714,0.714287
559,0.035714,0.714287
560,0.749998,0.464285
561,25.4643,0.321429
562,0.249999,0.035714
563,1.35713,0.821422
564,7.46429,0.107142
565,4.25,0.60714
566,1.75,0.321427
567,0.071428,0.892857
568,0.25,0
569,0.071428,0.821429
570,3.99999,0.035714
571,0.642857,1.67857
572,0.035714,0.571428
573,0.321428,0.5
574,2.64286,0
575,13.3929,0.285712
576,1.03571,0
577,0.071428,0.428571
578,3.60714,0.035714
579,9.71428,15.4286
580,0.071428,0.785715
581,3.46429,0.178572
582,1.03571,0.035714
583,1.07143,0.107143
584,0.035714,1.17857
585,0,0.928572
586,4.46429,0
587,0.035714,0.178571
588,1.64286,0.178571
589,1.17857,0.107143
590,1.21428,0.250001
591,0.5,0.714286
592,4.21429,0.249999
593,18.1786,0.035714
594,0.178571,0.071428
595,0.642858,2
596,0.321427,0.107143
597,0.607144,0
598,0.035714,0.785714
599,0,0.392856
600,2.46429,0
601,2.57143,0.071428
602,0.035714,0.25
603,1.03571,0.035714
604,1.46429,0.035714
605,2.14285,0.071428
606,3.92857,0.142857
607,0.107143,0.892856
608,1,0
609,1.42857,0
610,1.03572,0
611,1.67857,0
612,0.035714,1.46429
613,7.5,0.035714
614,0.107143,0
615,0.357142,0.071429
616,0.214285,1.03571
617,0.32143,0.178571
618,2.03572,0.035714
619,11.7143,3.21429
620,0.035714,0.642856
621,1.39286,0.464284
622,0.142857,0.464287
623,0.678572,0
624,0.035714,0.178571
625,5.17857,0
626,0.142857,0.142858
627,0.035714,0.464286
628,1.32143,0.071429
629,0.035714,0.464285
630,0.071429,1.28571
631,0.035714,0.785715
632,0,0.357141
633,0.142858,0.321426
634,6.10714,0.071428
635,0.678569,0
636,0.821425,1.89285
637,0.035714,0.392856
638,3.35714,0
639,0.249999,0
640,6.28571,0
641,2.35714,0.035714
642,0.178571,0.035714
643,3.60715,0.035714
644,5.2143,1.28571
645,0.035714,0.857144
646,5,0
647,10.2857,0
648,0,1.25
649,12.7143,3.64285
650,0.035714,0.750001
651,0.071428,2.64286
652,0.499999,0.107143
653,0.035714,1.46429
654,2.78572,0
655,1.53571,0.142856
656,0.857141,0.071429
657,0,0.107142
658,0.42857,0.035714
659,0.75,0.035714
660,30.25,0
661,0.82143,0
662,0.42857,3.07143
663,0.071428,1.07143
664,3.10714,0.035714
665,3.10714,0
666,0,0.607142
667,0.499998,0.035714
668,5.78572,0.17857
669,0.214286,0
670,0.571428,0
671,0.035714,0.428571
672,0.035714,0.535713
673,3.10714,0.285714
674,0.357143,0.035714
675,2.10714,0
676,0.071428,0.214286
677,0.142857,0.857142
678,0,1.21429
679,0,0.107143
680,0.071428,0.25
681,5.07143,0
682,0.071429,0.857143
683,13.1071,1.60714
684,0.178571,0.464286
685,0.035714,0.214286
686,0.392856,0
687,0.392858,0.428571
688,0.035714,0.499999
689,0.142857,0.071428
690,0.035714,1.53571
691,5.85714,0
692,7.35715,0.107143
693,0.071428,1.39286
694,1.96429,0
695,5.42858,0
696,0.035714,0.750001
697,0.071429,0.178571
698,0.035714,0.750001
699,7.71429,0
700,2.57143,0.142856
701,0.071428,0.285714
702,0.642856,0.392856
703,0.035714,1.35714
704,0.178571,0.749998
705,0.071428,0.892856
706,2.35714,0
707,0.071429,0.357144
708,2.25,0.821431
709,0.035714,0.107143
710,0.035714,1.21429
711,0.107142,0.499999
712,4.17857,0
713,12.25,0.678569
714,2.32142,0.607142
715,2.25,0
716,1.67857,0.428571
717,0.750002,0
718,8.71429,0
719,0.42857,3.32142
720,6.75,1.25
721,7.35714,0
722,7.21429,0.357142
723,0,0.071428
724,0.071428,0.642856
725,0.035714,0.392856
726,0.071428,0.749999
727,0.607144,0
728,10.75,0
729,0.035714,1.60714
730,0.785715,0.035714
731,0.214285,0.821431
732,2.78571,0
733,0.035714,0.392856
734,0,1.32143
735,0.071429,0.035714
736,0.035714,0.071428
737,0.071429,0.249999
738,3,0.285713
739,0,0.035714
740,0,0.285715
741,0.071429,0.464285
742,1.07143,0.035714
743,0.071428,0.392856
744,0.607144,1.14285
745,0.821428,0.464284
746,1.96429,0.071428
747,2.82143,0.071429
748,0.035714,0.892855
749,2.53572,0
750,0.642856,0.392857
751,0.571429,0
752,0.035714,0.571428
753,2.82143,0.035714
754,0.035714,0.750001
755,0.035714,0.75
756,0.5,0.428571
757,0.392858,1.57143
758,15.2143,0
759,4.07143,0.321426
760,0,0.214285
761,0.071429,1.25
762,2.35715,0
763,0.678571,0.035714
764,0.035714,0.357143
765,11.75,2.92857
766,0.071429,0.607143
767,0,1.64286
768,0.035714,0.107143
769,0.714286,0.214284
770,1.57143,0.249998
771,0.107142,1.5
772,1.64286,0.035714
773,0.071428,0.357144
774,1.10714,0.35714
775,2.28571,0.178571
776,0,0.285714
777,0.107143,0.428571
778,0.035714,0.678572
779,0.42857,0.464285
780,0.857144,0.428571
781,0.999997,0.142856
782,0,0.249999
783,0.392859,0.821431
784,2.67857,0.285713
785,2.46428,0.071428
786,3.53572,0.499997
787,0.107142,1.92857
788,0.964287,0.178571
789,2.64286,1.67857
790,1.5,0.035714
791,1.32143,0.178571
792,0,0.678572
793,1.14286,0.285714
794,0.821429,0.214285
795,2.03571,6.14283
796,0.535715,1.28571
797,3.46429,0.25
798,1.60715,0
799,1.64286,1.28571
800,0.142857,1.46429
801,1.60715,0.35714
802,0.25,1.46428
803,0.035714,2.21429
804,0.285715,0.642857
805,27.1071,0.107142
806,0.035714,0.821428
807,1.21429,0.035714
808,0,0.607143
809,0.714284,0.392855
810,2.57143,0.178572
811,0.428572,1.39286
812,0,0.928571
813,1.10714,1.53571
814,0.035714,1.96429
815,0.535714,1.42857
816,0,0.107142
817,0.142856,1.14286
818,2.57143,0.42857
819,0.392855,2.17857
820,1.39286,0.17857
821,17.2143,0.249999
822,0.571429,0.178572
823,2.21429,0.25
824,0.214285,4.64286
825,0.607143,1.5
826,1.57142,0.5
827,0.964287,0.964284
828,3.21428,0.249999
829,1.03572,3.28571
830,2.85713,1.14285
831,0.964279,0.821429
832,0.357141,4.35713
833,0.607138,0.71428
834,4.35713,0.357141

Cluster contribution to imbalance analysis (cluster-cluster matrix):
368.25, 626.571, 
604.857, 4.78571, 

