Global time spent: 968.527
I(P) = 1556.57
Clustering configuration: 
 Partition 0 (729): [ 0 1 2 3 4 5 6 7 8 9 10 11 12 13 14 15 16 17 18 19 20 21 22 23 24 25 26 27 28 29 30 31 32 33 34 35 37 38 39 40 42 43 44 45 46 47 48 49 50 51 52 53 54 55 56 57 58 59 60 61 62 63 64 65 66 67 68 69 70 71 73 74 75 76 77 78 79 80 81 83 84 85 86 87 88 89 90 91 92 93 94 95 96 97 98 99 100 101 103 104 105 106 107 108 109 110 111 112 113 114 115 116 118 119 120 121 122 123 124 125 126 127 128 129 130 131 132 133 134 135 136 137 138 139 140 141 142 143 144 145 146 147 148 149 150 151 152 153 154 156 157 158 159 160 161 163 164 165 167 168 170 171 172 173 174 175 176 177 178 179 180 181 182 183 184 185 186 187 188 189 190 191 192 193 194 195 196 197 198 199 200 201 202 203 204 205 206 207 208 209 210 211 212 213 214 215 216 217 218 219 220 221 222 223 224 225 226 227 228 229 230 231 232 233 234 235 236 237 238 240 241 242 243 244 245 246 247 248 249 250 251 252 253 254 256 258 259 260 261 263 264 265 266 267 268 269 270 272 273 274 275 276 277 278 279 280 281 282 283 284 285 286 287 288 289 290 292 293 294 295 296 297 298 299 300 301 302 303 304 305 306 307 308 309 310 311 312 313 314 315 316 317 318 319 321 322 323 324 325 326 327 328 329 330 331 332 333 334 335 336 337 338 339 340 341 342 343 344 345 346 347 348 349 350 352 354 355 356 357 358 359 360 361 362 363 364 365 366 367 368 369 370 371 372 373 374 377 378 379 380 381 382 383 384 385 386 387 388 389 390 391 392 393 394 395 396 397 398 399 400 401 402 403 404 405 406 407 408 409 410 411 412 413 414 415 416 417 418 419 420 421 422 423 424 425 427 428 429 430 431 432 433 434 435 436 437 438 439 440 442 443 444 445 446 447 448 450 451 452 453 454 455 456 457 458 459 460 461 462 463 464 465 466 467 468 469 470 471 472 473 474 476 477 478 480 481 482 483 484 485 486 487 488 489 490 491 492 493 494 495 496 497 498 499 500 501 502 503 504 505 506 507 508 509 510 511 512 513 514 515 517 518 519 520 521 522 524 525 526 527 528 529 530 531 532 533 534 535 536 537 539 542 543 544 545 546 547 549 550 551 552 553 554 555 556 557 558 559 560 561 562 563 564 565 566 567 568 569 571 572 573 575 576 577 578 579 580 581 582 583 584 585 586 587 588 589 590 591 592 594 595 597 598 599 600 601 602 603 604 605 606 607 608 609 610 611 612 613 614 615 616 617 618 619 620 621 622 623 624 625 626 627 628 629 630 631 632 633 634 635 636 637 638 639 641 642 643 645 646 647 648 649 650 651 652 653 654 655 656 657 658 659 660 661 662 663 664 665 666 667 668 669 670 671 672 673 674 675 676 677 678 679 680 681 682 684 685 686 687 688 689 690 691 692 693 694 696 697 698 699 700 701 702 703 704 705 706 707 708 709 710 711 712 713 714 715 716 717 718 719 720 722 723 724 725 726 727 728 729 730 731 732 733 734 735 736 737 738 739 740 741 742 743 744 745 746 747 748 750 751 752 753 754 755 756 757 758 759 760 761 762 763 764 765 766 767 768 769 770 ] 
 Partition 1 (41): [ 36 41 72 82 102 117 155 162 166 169 239 255 257 271 291 320 351 353 375 376 426 441 449 475 479 516 523 538 540 541 548 570 574 593 596 640 644 683 695 721 749 ] 
 Partition 2 (1): [ 262 ] 

Imbalance analysis (out edges contribution):
Vertex,PositiveSum,NegativeSum
0,0,0
1,0,0.142857
2,0.142857,0
3,2,6.85714
4,0,0
5,1.57143,5
6,0,0
7,0,0
8,0,0
9,0,0.142857
10,0,0
11,0,0
12,0,0
13,2.71428,1.14286
14,0.285714,0
15,0,0
16,0,0
17,0.285714,1.57143
18,2.28571,1.42857
19,0.142857,4
20,2.28571,10.4286
21,0,0
22,0.142857,0.857142
23,0,0
24,3.57143,3.57143
25,0.142857,0.857142
26,0,0.999999
27,0,0
28,0.142857,4
29,0.714285,0.285714
30,0,0
31,1.28571,0.571428
32,0,0
33,3.14285,9.85713
34,0,0.142857
35,0,0
36,10.5714,0
37,0,0
38,0,0
39,0.142857,4
40,1.28571,8.57142
41,1.57143,0
42,0.142857,0.857142
43,0,0
44,0.142857,0.857142
45,0.999999,0.999999
46,0.428571,0.285714
47,0.142857,0.857142
48,0.857142,0.999999
49,0.285714,0
50,3.57143,3.57143
51,0,0
52,0,0
53,2.28571,10.2857
54,1.28571,8.85713
55,2,16.1428
56,0.714285,0.571428
57,0.142857,0.857142
58,8.14286,19
59,0,0.999999
60,0,0
61,1.42857,0.142857
62,0.142857,0.857142
63,0,0
64,0.428571,0.142857
65,2,18.5714
66,0,0
67,0.142857,0.857142
68,0,1.14286
69,0,0
70,8.14286,18.5714
71,0,0.999999
72,0,0
73,0.142857,3.71428
74,0,0.999999
75,0.999999,0.285714
76,0,0
77,0,0
78,0,0.999999
79,2.57143,12.1428
80,0,0
81,0,0
82,24.8571,0.142857
83,0.714285,1.28571
84,0,0
85,0,0
86,0,0
87,0,0
88,0.142857,8.42856
89,1.85714,15.2857
90,0,0
91,0.142857,0.857142
92,0.142857,0.999999
93,0,0
94,0,0.142857
95,0,0.999999
96,0,1.14286
97,0.571428,7.57142
98,0,0
99,0.142857,5.85714
100,2,9.71428
101,0,0
102,12,0.142857
103,0,0
104,0,0
105,2.14285,2.14285
106,0.714285,0
107,0,0
108,0,1.14286
109,0.142857,0.857142
110,0,0
111,0,0
112,2,29.2857
113,0,0
114,0.142857,0.857142
115,0,0
116,0.142857,0.857142
117,8.57142,0
118,2,9.71428
119,8.14286,37.7143
120,1.28571,2.71428
121,0,0
122,0,0
123,0,0
124,0.142857,0.714285
125,0,1.14286
126,0.142857,0.571428
127,0.142857,0.714285
128,0.142857,0.857142
129,0,0
130,0,0.428571
131,0,0
132,0,0
133,0.285714,0
134,0.142857,5.57142
135,0,0
136,0,0.999999
137,0,0
138,0,0
139,0.714285,1.14286
140,6.42857,19
141,0.142857,0.714285
142,0,0
143,0,0
144,0,0.714285
145,0.285714,0.571428
146,0,0.714285
147,0.142857,0.714285
148,0,0
149,0.714285,0.857142
150,0,0
151,0.142857,0.714285
152,0,0
153,0,0
154,0,0
155,7.42856,0.142857
156,0,0.999999
157,0,0
158,6.85714,16.1428
159,0,0
160,0.142857,0.714285
161,0.571428,6.57142
162,32.2857,0.428571
163,0.142857,0.714285
164,0,0
165,0.142857,3
166,0.714285,0
167,0,0
168,0.571428,0
169,8.85713,0
170,0,0
171,0.999999,0.999999
172,1.14286,3.85714
173,0,0
174,0,0
175,0.142857,5.42857
176,0,0
177,0,0
178,0,2
179,0,0
180,0,0
181,0.142857,3
182,0.428571,0.142857
183,0,0.714285
184,2.85714,2.71428
185,1.85714,10.7143
186,0,0
187,0,0.714285
188,0,0
189,1.14286,3.71428
190,0,0
191,0,0
192,0,0
193,0,0
194,0,0
195,0,0.999999
196,0,0
197,0,0
198,0,0.714285
199,0,0
200,0.142857,0
201,0,0
202,0,0
203,6.71429,24.8571
204,0,0
205,0,0
206,0,0
207,0,0
208,0,0
209,0.285714,0
210,0,0
211,0,0
212,0.142857,2.57143
213,1.71428,1.71428
214,0,0
215,0,0
216,0.142857,0.571428
217,6,15.1428
218,0,0.571428
219,0,0
220,1.57143,4
221,1.71428,2.28571
222,0,0
223,0,0.571428
224,0,0
225,0,0
226,0,0
227,0.142857,4.85714
228,0.428571,4.71428
229,0.285714,0
230,0.142857,0.571428
231,0,0
232,0,0
233,0,0
234,0,0.857142
235,0,0
236,0,0
237,0,0
238,3.14286,5
239,18.5714,0
240,0,0
241,0,0
242,0.142857,0.571428
243,0,0
244,2.28571,8.85713
245,0,0
246,0,0.571428
247,5.57143,14.8571
248,2,9.28571
249,0,0
250,0,0
251,0,0
252,0,0
253,0,0
254,0.142857,0.571428
255,11.7143,0
256,0,0
257,1.28571,0
258,2,7.42856
259,1.14286,6.42857
260,0,0
261,0.571428,0.857142
262,25.8571,0
263,5.71429,20.1428
264,0,0
265,0.999999,0.571428
266,0.714285,1.14286
267,0,0
268,0,0.285714
269,0,0
270,0,0.571428
271,0.285714,0.999999
272,0.285714,5.14285
273,0,0
274,0.428571,0.857142
275,0,0
276,0,0
277,0,1.71428
278,0.428571,5.85714
279,0,0
280,0,0.571428
281,0,0
282,0.142857,1.14286
283,0,2.14285
284,0,0
285,0,0
286,1.28571,0.285714
287,0,0
288,0,0
289,0,0
290,0.571428,2.85714
291,11.7143,0.714285
292,0,0
293,0,0
294,2.57143,2.42857
295,0.142857,5.14285
296,0,0
297,0,0
298,0,2.71428
299,0,0
300,4,5
301,0,0.142857
302,0,0.571428
303,0,0
304,0,0.571428
305,0,0
306,0,0
307,0,0
308,0,0
309,0,0.571428
310,0.428571,0
311,0,0
312,0,0
313,0,0.571428
314,0,0
315,0,0
316,0,2.14285
317,0,0
318,0.714285,3.57143
319,0,0.714285
320,17.5714,0.142857
321,1.14286,6.99999
322,0,0.428571
323,0,0
324,1.14286,6.99999
325,0,0
326,0,0
327,0.857142,3.28571
328,0,0
329,0,10.7143
330,0.857142,1.42857
331,3.42857,9.99999
332,3.42857,6.57142
333,0,0.571428
334,2.14285,0.999999
335,4.57143,11.7143
336,0,0.571428
337,0,0
338,0.571428,3.14285
339,0,0
340,0,0
341,2.28571,2.28571
342,0,0
343,1.42857,1.57143
344,0.142857,0.714285
345,0,0
346,0,0.571428
347,0,0.285714
348,0,0
349,0,0
350,1.14286,0
351,9.57142,0.285714
352,0,0.714285
353,6.71428,0.285714
354,0,0.714285
355,0,0.714285
356,0.142857,4
357,0,0
358,0,0.571428
359,0.142857,5.99999
360,0.571428,5.57142
361,0,0
362,0,0.571428
363,0.142857,2.57143
364,0,0
365,0.571428,0.142857
366,0,0
367,0,1.85714
368,0,0
369,1.42857,6.28571
370,0,0.571428
371,0,0
372,0,0
373,0.571428,10.7143
374,0,0.285714
375,0.428571,0
376,0.428571,0
377,0,0
378,1.14286,5.71428
379,0,0
380,0,0
381,0,0
382,0.142857,0
383,0,0
384,0,0
385,0,0
386,0,0.571428
387,0,0
388,0,0
389,0,0
390,3.85714,19.4286
391,0,0.428571
392,0,0.571428
393,0,0
394,0,0
395,0,0.428571
396,0,0
397,0,0.428571
398,0,0
399,0,0
400,0,0.428571
401,2.28571,0.714285
402,0,1.71428
403,0,0
404,3.85714,9.71428
405,0,0
406,0.428571,0.999999
407,0,0
408,0,0
409,0,0
410,0,0.142857
411,0.142857,0
412,3,4.14285
413,0,0.571428
414,0,0
415,0.857142,2.57143
416,1.57143,0.428571
417,0,0
418,0,0
419,3.14286,3.71428
420,0,0
421,0,0
422,0.571428,0.857142
423,1.14286,0.285714
424,0,0.714285
425,0,0
426,0,0
427,0,0.428571
428,0,0.428571
429,0,0
430,1.14286,4.71428
431,0.428571,0.999999
432,0,0
433,0,0.714285
434,0,0
435,0,0.428571
436,0,0
437,0,0
438,0,0
439,0.285714,4.14285
440,0,0.428571
441,0,0
442,0,0
443,0.285714,0
444,0,0
445,0,0.428571
446,0,0.428571
447,0,0.571428
448,0,0
449,4.57142,0.714285
450,0,0
451,3.85714,8.99999
452,0,0
453,0,0
454,0,0
455,0,0.714285
456,0,0
457,0,0
458,0,0
459,0,1.42857
460,2.14285,2.14285
461,1.42857,1.42857
462,0,0
463,0,0
464,0,0
465,0,0
466,0,0.428571
467,0,0.428571
468,0,0
469,0,0
470,0,0.571428
471,2.14285,2.14285
472,0,0.428571
473,0,0.999999
474,0.142857,2.14285
475,9.57143,0.142857
476,0,0
477,0,0
478,3.85714,8.85714
479,0.285714,0.714285
480,0,1.28571
481,0.571428,0.857142
482,0,1.28571
483,1.28571,0.428571
484,0,2
485,0,0
486,0,0
487,0,0
488,0,0
489,0,0
490,0,0.857142
491,3.85714,8.57142
492,3,3.85714
493,0,0.571428
494,0,0.428571
495,0,0.285714
496,0,3.42857
497,2.14285,0.571428
498,2,2.85714
499,0,1.14286
500,0,0.428571
501,0,0
502,0,0
503,0,0
504,0,0
505,0.428571,6.14285
506,0,0.428571
507,0,0
508,0,0
509,0,0.857142
510,0,0
511,0,0
512,0.285714,6.85714
513,0,0.428571
514,0,0
515,2.14285,0.571428
516,0.428571,0
517,3.71429,13.4286
518,0,0
519,0.571428,0
520,0,0
521,2.14285,1.71428
522,0,0
523,14,0.571428
524,0,1.14286
525,0,0
526,0,0
527,0,0
528,0,2.42857
529,0,0
530,0,0.285714
531,0.285714,6.28571
532,3.14286,15.1428
533,0,0.142857
534,0,2.42857
535,0,0
536,0,0
537,0,0
538,0.285714,0
539,0,0
540,2.57143,0
541,0.142857,0.571428
542,0,0
543,1.57143,3
544,2.85714,9.85713
545,0,0.142857
546,0,0.142857
547,0,0.142857
548,11.2857,0
549,0,1.14286
550,0,0
551,0,0
552,0.142857,7.14285
553,0,0
554,0,0
555,0.857142,0.571428
556,0,0
557,0,0.285714
558,0,0
559,0,0
560,0,0.714285
561,0,0
562,0,0.142857
563,0,3.14285
564,0,0.142857
565,0,0
566,0.285714,0
567,0,0
568,0,0.428571
569,0,0.142857
570,0,0
571,0.714285,5.28571
572,0,0.142857
573,1.28571,0.285714
574,0.142857,0.142857
575,0,0
576,0,0
577,0,0
578,1.28571,1.14286
579,0,0
580,0,0.142857
581,0,0.142857
582,0,0
583,0,0.428571
584,0,0
585,0,0
586,1.14286,2.71428
587,0,0
588,0,0.142857
589,0,0.142857
590,0.285714,0.714285
591,0,0
592,1.14286,0.142857
593,6.85714,0
594,0.142857,0.571428
595,0.285714,2.42857
596,0,0
597,0,1.57143
598,0,0
599,0,0
600,0,0.142857
601,0,0
602,0,0.142857
603,0,0
604,0,0.142857
605,0,0
606,0.285714,0.857142
607,0,0
608,0.142857,1.42857
609,0,0.142857
610,0,0
611,0.285714,0
612,0,0.142857
613,0.142857,0
614,0,0.999999
615,0,0
616,0,0
617,0.285714,3.14285
618,0,0
619,0,0
620,0,0
621,0,0
622,0,2.71428
623,0,0
624,0,0
625,1.71429,4.14285
626,0,0
627,0,0.285714
628,0,0
629,0,0
630,0,0.285714
631,0,0.142857
632,0,0.142857
633,0,0
634,0.571428,0.714285
635,0,0.142857
636,0,0.142857
637,0,0
638,0.857142,1.85714
639,0,0.142857
640,0.142857,0
641,0,0.285714
642,0,0
643,0,0
644,7.71428,0
645,0,0.142857
646,0.714285,0.857142
647,0.857143,1.71428
648,0.714285,0.285714
649,0,0.142857
650,0,0
651,0.714285,0.857142
652,0,0
653,0.714285,0.857142
654,0.714285,0.285714
655,0,0
656,0,0
657,0,0
658,0,0
659,0.142857,0
660,0.285714,0
661,0,0
662,0,0.428571
663,0,0
664,0,0.142857
665,0,0
666,0,0
667,0,0
668,0,0
669,0,0
670,0,0.142857
671,0,0
672,0,0
673,0,0
674,0.285714,2.14285
675,0,0
676,0.285714,2.14285
677,0.285714,2.28571
678,0,0
679,0,0.285714
680,0.285714,2.14285
681,0.571428,0
682,0,0.142857
683,1.57143,0
684,0,0.285714
685,0.142857,1.85714
686,0,0
687,0,0
688,0,0.142857
689,0.142857,2.42857
690,0,0.142857
691,0.714286,2.71428
692,0.428571,0
693,0,0
694,0,0
695,4.57143,0.142857
696,0,0
697,0,0
698,0,0
699,0.142857,0.142857
700,0,0
701,0.142857,0.428571
702,0,0
703,0,0
704,0,0
705,0,0
706,0,0
707,0,0
708,0,0
709,0,0.285714
710,0,0
711,0,0.142857
712,0,0
713,0,0.142857
714,0,0.142857
715,0,0
716,0,0.428571
717,0,0
718,0,0
719,0,0
720,0,0
721,0.571428,0
722,0,0
723,0,0
724,0,0
725,0,0
726,0,0
727,0,0.142857
728,0,0
729,0,0
730,0,0
731,0,0
732,0,0.714285
733,0,0
734,0,0
735,0.142857,0.999999
736,0,0
737,0,0
738,0,0
739,0,0
740,0,0
741,0,0.142857
742,0,0
743,0,0
744,0,0
745,0,0
746,0,0
747,0,0
748,0,0
749,0.142857,0
750,0,0
751,0,0
752,0,0
753,0,0.571428
754,0,0
755,0,0
756,0,0
757,0,0
758,0,0
759,0,0
760,0,0
761,0,0
762,0,0
763,0,0
764,0,0
765,0,0
766,0,0
767,0,0
768,0,0
769,0,0
770,0,0
Imbalance analysis (in edges contribution):
Vertex,PositiveSum,NegativeSum
0,0,0
1,0,0
2,0,0
3,0,0
4,0,0
5,0,0
6,0,0
7,0,0
8,0,0
9,0,0
10,0,0
11,0,0
12,0,0
13,0,0
14,0,0
15,0,0
16,0,0
17,0,0
18,0,0
19,0,0
20,0,0.142857
21,0,0
22,0,0
23,0,0
24,0,0
25,0,0
26,0,0
27,0,0
28,0,0
29,0,0
30,0,0
31,0,0
32,0,0
33,0,0.285714
34,0,0
35,0,0
36,0.142857,0
37,0,0
38,0,0
39,0,0
40,0,0.142857
41,0,0
42,0,0
43,0,0
44,0,0
45,0,0
46,0,0
47,0,0
48,0,0
49,0,0
50,0,0
51,0,0
52,0,0
53,0,0.285714
54,0,0.142857
55,0,0.714285
56,0,0
57,0,0
58,0.285714,2.14285
59,0,0
60,0,0
61,0,0
62,0,0
63,0,0
64,0,0
65,0,1.28571
66,0,0
67,0,0
68,0,0
69,0,0
70,0.285714,2.57143
71,0,0
72,0,0
73,0,0.285714
74,0,0
75,0,0
76,0,0
77,0,0
78,0,0
79,0,1.14286
80,0,0
81,0,0
82,3.14285,0
83,0,0.285714
84,0,0
85,0,0
86,0,0
87,0,0
88,0,0.571428
89,0.142857,1.57143
90,0,0
91,0,0
92,0,0
93,0,0
94,0,0
95,0,0
96,0,0
97,0,0.714285
98,0,0
99,0,0.428571
100,0.285714,0.857142
101,0,0
102,1.14286,0
103,0,0
104,0,0
105,0,0.285714
106,0,0.142857
107,0,0
108,0,0
109,0,0
110,0,0
111,0,0
112,0.428571,4
113,0,0
114,0,0
115,0,0
116,0,0
117,0.571428,0
118,0.285714,0.857142
119,1.57143,10.1428
120,0.285714,0.428571
121,0,0
122,0,0
123,0,0
124,0,0.142857
125,0,0.428571
126,0,0
127,0,0.142857
128,0,0.142857
129,0,0
130,0,0.142857
131,0,0
132,0,0
133,0,0
134,0,0.714285
135,0,0
136,0,0.142857
137,0,0
138,0,0
139,0,0.428571
140,1.42857,5.14285
141,0,0.142857
142,0,0
143,0,0
144,0,0.285714
145,0,0.142857
146,0,0.285714
147,0,0.142857
148,0,0
149,0.142857,0.142857
150,0,0
151,0,0.142857
152,0,0
153,0,0
154,0,0
155,1.42857,0
156,0,0.142857
157,0,0.142857
158,1.57143,5
159,0,0
160,0,0.142857
161,0,1.71428
162,6.14286,0
163,0,0.285714
164,0,0
165,0,0.999999
166,0.285714,0
167,0,0
168,0.142857,0.142857
169,1.57143,0
170,0,0
171,0.285714,0
172,0.285714,1.42857
173,0,0
174,0,0.142857
175,0,0.857142
176,0,0
177,0,0
178,0,0.571428
179,0,0
180,0,0
181,0,0.999999
182,0,0.142857
183,0,0.285714
184,0.714285,0.857142
185,0.428571,3
186,0,0
187,0,0.285714
188,0,0
189,0.285714,1.57143
190,0,0
191,0,0.142857
192,0,0
193,0,0
194,0,0
195,0,0.142857
196,0,0
197,0,0
198,0,0.285714
199,0,0
200,0,0
201,0,0
202,0,0
203,3,9.14285
204,0,0
205,0,0
206,0,0
207,0,0
208,0,0
209,0,0
210,0,0.142857
211,0,0
212,0,1.14286
213,0.428571,0.714285
214,0,0
215,0,0
216,0,0.285714
217,2.42857,5.99999
218,0,0.428571
219,0,0
220,0.142857,0.857142
221,0.428571,0.428571
222,0,0
223,0,0.428571
224,0,0.142857
225,0,0
226,0,0
227,0,1.42857
228,0.142857,1.57143
229,0,0
230,0,0.285714
231,0,0
232,0,0
233,0,0
234,0,0.285714
235,0,0
236,0,0
237,0,0.142857
238,1.57143,2.57143
239,6.85714,0
240,0,0.142857
241,0,0
242,0,0.285714
243,0,0
244,1.28571,4.28571
245,0,0
246,0,0.428571
247,2.85714,6.28571
248,0.571428,4
249,0,0
250,0,0
251,0,0
252,0,0
253,0,0
254,0,0.285714
255,4.14285,0
256,0,0
257,0.285714,0
258,0.285714,3.14285
259,0,3.14285
260,0,0.142857
261,0.285714,0.142857
262,13.2857,0
263,3.71428,10.1428
264,0,0
265,0.285714,0.571428
266,0.142857,0.428571
267,0,0
268,0,0.285714
269,0,0
270,0.142857,0.285714
271,0.285714,0.142857
272,0.285714,3.14285
273,0,0
274,0.285714,0.142857
275,0,0
276,0,0.142857
277,0,0.857142
278,0.285714,3
279,0,0
280,0.142857,0.285714
281,0,0
282,0.428571,0
283,0.142857,1.85714
284,0,0
285,0.142857,0
286,0.285714,0.142857
287,0,0
288,0,0
289,0,0
290,0.285714,1.71428
291,9.71428,0.142857
292,0,0
293,0,0
294,0.999999,1.14286
295,0.428571,3.14285
296,0,0
297,0,0
298,0,1.85714
299,0,0
300,2.14286,3
301,0,0
302,0.142857,0.285714
303,0,0
304,0.142857,0.428571
305,0,0
306,0.142857,0
307,0,0
308,0,0
309,0.142857,0.285714
310,0.428571,0
311,0,0
312,0,0
313,0.142857,0.285714
314,0,0
315,0,0
316,0.142857,1.85714
317,0,0
318,0.714285,1.57143
319,0,0.428571
320,8.71428,0.142857
321,1.14286,3.57143
322,0,0.571428
323,0,0
324,1.14286,3.57143
325,0.142857,0
326,0,0
327,0.285714,2.71428
328,0,0.142857
329,0.285714,5
330,0.428571,0.857142
331,3,8.99999
332,3,5.85714
333,0.142857,0.428571
334,1.57143,0.428571
335,3.85714,9.42856
336,0.142857,0.428571
337,0,0
338,0.857142,1.85714
339,0,0
340,0,0
341,1.28571,1.28571
342,0,0
343,0.714285,0.857142
344,0,0.142857
345,0,0
346,0.142857,0.285714
347,0,0.142857
348,0,0.142857
349,0,0
350,0.714285,0
351,7.57142,0.285714
352,0,0.428571
353,5.71428,0.142857
354,0.142857,0.142857
355,0,0.428571
356,0,2.28571
357,0,0
358,0.142857,0.285714
359,0.142857,3.28571
360,0.571428,4.85714
361,0,0
362,0.142857,0.285714
363,0.142857,1.42857
364,0,0
365,0.142857,0
366,0,0
367,0.142857,2.14285
368,0,0
369,2.14285,6.85714
370,0.142857,0.285714
371,0,0
372,0,0
373,0.571428,8.42856
374,0.142857,0
375,0.571428,0
376,0.571428,0
377,0,0
378,1.14286,4.85714
379,0,0
380,0,0
381,0,0
382,0.142857,0
383,0,0
384,0,0
385,0,0
386,0.142857,0
387,0,0.142857
388,0,0
389,0,0
390,4,22.5714
391,0,0.571428
392,0,0.571428
393,0,0
394,0,0
395,0.142857,0.571428
396,0,0
397,0.142857,0.571428
398,0,0
399,0,0
400,0.142857,0.571428
401,1.71428,0.857142
402,0.142857,2.28571
403,0,0
404,4.57143,11.4286
405,0,0
406,0.285714,0.571428
407,0,0
408,0,0
409,0,0
410,0,0
411,0.142857,0
412,3,4.85714
413,0.142857,0
414,0,0
415,0.857142,2.28571
416,1.71428,0.285714
417,0,0
418,0,0
419,3,4.28571
420,0,0
421,0,0
422,0.142857,0.714285
423,0.428571,0.142857
424,0.142857,0.142857
425,0,0
426,0,0
427,0.142857,0.428571
428,0.142857,0.571428
429,0,0
430,1.14286,5.85714
431,0.285714,0.571428
432,0,0
433,0.142857,0.142857
434,0,0
435,0,0.571428
436,0,0.142857
437,0,0
438,0,0.142857
439,0.714285,4.85714
440,0,0.571428
441,0,0
442,0,0.142857
443,0,0
444,0,0
445,0.142857,0.428571
446,0.142857,0.428571
447,0.142857,0
448,0,0
449,2.85714,0.428571
450,0,0
451,4.57143,12.1428
452,0,0
453,0,0
454,0,0
455,0.142857,0.142857
456,0,0
457,0,0.142857
458,0,0
459,0.142857,2.28571
460,1.42857,1.42857
461,0.714285,0.999999
462,0.142857,0
463,0,0
464,0,0.142857
465,0,0
466,0,0.571428
467,0.142857,0.428571
468,0,0
469,0,0
470,0,0.571428
471,1.42857,1.42857
472,0.142857,0.428571
473,0,0.142857
474,0.142857,1.28571
475,18.1429,0.571428
476,0,0
477,0,0
478,4.57143,12.2857
479,1.28571,0.571428
480,0.142857,2.71428
481,0.142857,0.714285
482,0.142857,0.428571
483,1.42857,0.142857
484,0.571428,2.42857
485,0,0
486,0,0
487,0,0
488,0,0
489,0,0
490,0,0.714285
491,4.57143,12.5714
492,3.28571,3.71428
493,0,0.571428
494,0.142857,0.428571
495,0,0.285714
496,0.142857,4.85714
497,1.85714,0.999999
498,1.85714,7.71428
499,0.142857,2.85714
500,0.142857,0.428571
501,0,0
502,0,0.142857
503,0,0
504,0,0
505,1.57143,10.7143
506,0.142857,0.428571
507,0,0
508,0,0.142857
509,0,0.714285
510,0,0
511,0,0
512,1.57143,15
513,0,0.714285
514,0,0
515,1.57143,0.999999
516,0.285714,0.142857
517,4.14285,28.5714
518,0,0
519,0.142857,0.142857
520,0,0
521,1.42857,1.85714
522,0,0
523,26.8571,0.428571
524,0.142857,2.85714
525,0,0
526,0,0
527,0,0.142857
528,0.714285,6.42856
529,0,0
530,0.142857,0.571428
531,1.57143,15.5714
532,6.57143,32.7143
533,0.142857,0.714285
534,1.14286,7.14285
535,0,0
536,0,0
537,0,0
538,1.28571,0
539,0,0
540,7.28571,0
541,0.428571,0.571428
542,0,0
543,1.57143,4.28571
544,6.57142,20.4286
545,0.142857,0.714285
546,0.142857,0.714285
547,0.142857,0.714285
548,27.1429,0.428571
549,0,3.42857
550,0,0
551,0,0
552,1.42857,20.7143
553,0,0
554,0,0
555,1.85714,0.571428
556,0,0
557,0.142857,0.714285
558,0,0
559,0,0
560,0.714285,0.857142
561,0,0
562,0.142857,0.714285
563,0,7.28571
564,0,0.857142
565,0,0
566,0.428571,0
567,0,0
568,0.142857,3.14285
569,0,0.857142
570,0,0
571,2.28571,15.7143
572,0,0.857142
573,3.28571,1.42857
574,0,0.285714
575,0,0
576,0,0.142857
577,0,0
578,2.28571,2.42857
579,0,0
580,0,0.999999
581,0,0.857142
582,0,0
583,0.142857,3.28571
584,0,0
585,0,0
586,3,4.57142
587,0,0
588,0,0.857142
589,0,0.857142
590,1.42857,2
591,0,0.142857
592,2.71428,1.57143
593,21.1428,0.142857
594,0.142857,0.999999
595,2,8.14285
596,0,0
597,0.142857,4.71428
598,0.142857,0.999999
599,0,0
600,0.142857,0.714285
601,0,0
602,0,0.857142
603,0,0
604,0.142857,0.428571
605,0,0
606,0.428571,0.714285
607,0,0
608,0.285714,6.14285
609,0.142857,0.714285
610,0,0
611,0.428571,0.142857
612,0,0.857142
613,0.285714,0.142857
614,0.714285,2.28571
615,0,0
616,0,0
617,2.28571,10.1428
618,0,0
619,0,0
620,0,0
621,0,0
622,0.857142,9.14285
623,0,0
624,0.142857,0.999999
625,6.71428,17
626,0.142857,0.999999
627,0.142857,3.42857
628,0,0
629,0,0
630,0.142857,3.71428
631,0,0.999999
632,0.142857,0.428571
633,0,0
634,1.42857,2.28571
635,0,0.857142
636,0.142857,0.714285
637,0,0
638,3.14285,6.57142
639,0.142857,0.714285
640,0.857142,0
641,0.142857,3.42857
642,0,0
643,0,0
644,30.4286,0.428571
645,0,0.857142
646,2.85714,2.71428
647,5.57143,10.7143
648,3.28571,1.28571
649,0,0.857142
650,0.142857,0.999999
651,2.85714,2.71428
652,0,0.142857
653,2.85714,2.71428
654,3.85714,2
655,0.428571,0.285714
656,0,0.142857
657,0,0
658,0,0
659,0.142857,0
660,1.42857,0.285714
661,0,0
662,0,2
663,0,0
664,0.142857,3.85714
665,0,0.142857
666,0,0
667,0,0
668,0,0.142857
669,0.285714,0
670,0.142857,0.714285
671,0,0
672,0,0
673,0,0
674,2,11.5714
675,0,0
676,2.28571,11.7143
677,1.57143,10.5714
678,0,0
679,0.142857,3.42857
680,2.28571,11.1428
681,1.42857,0.714285
682,0.142857,0.714285
683,16.8571,0.142857
684,0.571428,3.57143
685,2.14286,8.71428
686,0.285714,1.57143
687,0,0
688,0.142857,0.714285
689,1.85714,14.4286
690,0,0.857142
691,9,31.2857
692,1.14286,2.85714
693,0,0
694,0,0
695,36.2857,0.857142
696,0.142857,0.999999
697,0.714285,0.142857
698,0,0
699,1.85714,6.71428
700,0,0
701,5.85714,8.57142
702,0.142857,4
703,0,0.999999
704,0,0
705,0,0
706,0,5
707,0,0.142857
708,0,0
709,0.714285,8.57142
710,0,0
711,1.57143,2.57143
712,0,0
713,0.142857,0.428571
714,2.85714,3.28571
715,0.142857,4
716,0.714285,1.14286
717,0,0
718,0.714285,0.142857
719,0.142857,4
720,0,0
721,9.85713,0
722,0,0
723,0,0.142857
724,0,0
725,0,0
726,0,0
727,0.142857,3.57143
728,3.71428,1.57143
729,0,0
730,0,0
731,0,0
732,5.57143,21
733,0.142857,0.999999
734,0,0
735,1.85714,15.8571
736,0,0
737,0,0
738,0.285714,0
739,0,0
740,0,0.142857
741,0.285714,0.285714
742,0,0
743,0.714285,3.71428
744,0.142857,4
745,0,0
746,0,0
747,0,0.142857
748,0,0.999999
749,6.42857,0.428571
750,4.71428,2.28571
751,0,0
752,0,0.142857
753,1.57143,8.71428
754,0.142857,0.857142
755,0,0
756,0.714285,0.142857
757,0.142857,0.999999
758,3.85714,17.5714
759,0.142857,4
760,0,0
761,0,0.857142
762,0,0
763,0,0
764,0,0
765,0,0
766,0.999999,10.7143
767,0.571428,6.28571
768,1.42857,0
769,0.857142,0.999999
770,0.571428,6.42857

Cluster contribution to imbalance analysis (cluster-cluster matrix):
996.142, 265.143, 13.1428, 
249.857, 6.28571, 0.142857, 
24.7143, 1.14286, 0, 

