Global time spent: 25.6321
I(P) = 3117.54
Clustering configuration: 
 Partition 0 (714): [ 0 1 2 3 4 5 6 7 8 9 10 11 12 13 14 15 16 17 18 19 20 21 22 23 24 25 26 27 29 30 31 32 33 34 36 37 39 40 41 42 43 44 45 46 47 48 49 50 51 52 53 54 55 56 57 58 59 60 61 62 63 64 65 66 67 68 70 71 72 73 74 75 76 77 78 79 80 81 82 83 84 85 86 87 88 89 90 91 92 93 94 95 96 98 99 100 101 102 103 104 105 106 107 108 109 110 111 113 114 115 116 117 118 120 121 122 123 124 125 126 127 128 129 130 131 132 134 135 136 137 138 139 140 141 142 143 144 145 146 147 149 150 151 152 153 154 156 157 159 160 161 162 163 164 165 166 167 168 169 170 171 172 173 174 175 176 177 178 179 180 181 182 183 184 185 186 187 188 189 190 191 192 193 194 195 196 198 199 200 201 202 203 204 205 206 207 208 209 210 211 212 213 214 215 216 217 218 219 220 221 223 224 225 226 228 229 230 231 232 233 234 235 236 237 239 241 242 243 244 245 246 247 248 249 250 251 252 253 255 256 257 258 259 260 261 262 263 264 265 266 267 268 270 271 272 273 274 275 276 277 279 280 281 282 283 284 285 286 287 288 289 290 291 292 293 294 295 296 297 298 299 300 301 302 303 304 305 306 307 308 309 310 311 312 313 314 315 316 317 318 319 320 321 322 323 324 325 326 327 328 329 330 332 333 334 335 336 337 338 339 340 341 342 344 345 347 348 349 350 351 354 355 356 357 358 359 360 361 362 363 364 365 366 367 368 369 370 371 373 374 376 377 378 379 380 381 382 383 384 385 386 387 388 389 390 391 392 394 395 396 397 398 399 401 402 403 404 405 406 407 408 409 410 411 412 413 414 416 417 418 419 420 421 422 423 424 425 426 427 428 429 430 431 432 433 434 435 436 437 438 439 440 441 442 443 444 445 446 447 448 449 450 451 453 454 455 456 457 458 459 460 462 463 464 465 466 467 468 469 470 471 472 473 474 475 476 477 478 479 480 481 484 485 486 487 488 489 490 491 492 493 494 495 496 497 498 499 500 501 502 504 507 509 510 511 512 513 514 515 516 517 518 519 520 521 522 523 524 525 526 527 528 529 530 531 533 534 535 536 537 538 539 540 541 542 543 544 545 546 547 548 549 550 551 553 554 555 556 557 558 559 560 561 562 563 564 565 566 567 568 569 570 571 572 573 574 575 576 577 578 579 580 581 582 583 584 585 586 587 588 589 590 591 592 593 594 595 596 597 598 599 601 602 604 606 607 608 609 610 611 612 613 614 615 616 617 618 619 620 621 622 623 624 625 626 627 628 629 630 631 632 633 634 635 636 637 638 639 640 641 642 643 644 645 646 647 648 649 650 651 652 654 655 656 657 658 659 661 662 663 664 665 666 667 668 670 671 672 673 674 675 676 677 678 679 680 681 682 683 684 685 686 687 688 690 691 692 693 694 695 698 699 700 701 702 704 705 706 707 708 709 710 711 712 713 714 716 717 718 719 720 721 722 723 724 725 726 727 728 729 730 731 732 733 734 735 736 737 739 740 741 742 743 744 745 746 747 748 749 750 751 752 754 755 756 757 758 759 760 761 763 764 765 766 ] 
 Partition 1 (46): [ 28 69 112 119 133 148 155 158 197 227 238 240 254 269 278 343 346 352 353 372 375 393 400 415 461 482 483 505 506 508 532 552 600 603 605 653 660 669 689 696 697 703 715 738 753 762 ] 
 Partition 2 (7): [ 35 38 97 222 331 452 503 ] 

Imbalance analysis (out edges contribution):
Vertex,PositiveSum,NegativeSum
0,6.81818,11.6364
1,0.727272,0.272727
2,0.454545,8.45454
3,0.363636,0
4,0.090909,3.72727
5,0.090909,0.90909
6,0.272727,0.363636
7,0.090909,0.181818
8,0.90909,0
9,0.090909,7.72726
10,0.090909,0.818181
11,0.090909,3.72727
12,0.090909,3.72727
13,0.090909,0.545454
14,0.090909,3.72727
15,0,0.818181
16,1.09091,0.181818
17,0.272727,0.181818
18,0.636363,0.090909
19,0.090909,1.90909
20,1.90909,1.90909
21,1.27273,0
22,0.090909,1.90909
23,11.8182,15.7273
24,0.090909,3.72727
25,0.454545,22.0909
26,10.2727,24.6363
27,0.090909,3.72727
28,22.0909,0
29,8.90909,4.18181
30,0.181818,0.545454
31,0.363636,0.181818
32,1.27273,0
33,1.18182,0
34,4.18181,7.27272
35,5.18181,0
36,0.272727,0.363636
37,1.27273,0.181818
38,28.5454,0
39,0.181818,0.363636
40,0.090909,1.45454
41,0.545454,0.272727
42,8.54545,6.45454
43,0.454545,22.5454
44,6.18181,11.2727
45,4.36363,4.90909
46,4.09091,7.27272
47,5.54545,5.18181
48,0.090909,0.818181
49,0.090909,3.72727
50,1.18182,0.181818
51,0.181818,0.272727
52,0.090909,1.63636
53,0.090909,7.45454
54,0.727272,0.818181
55,1.09091,1.09091
56,0,0.636363
57,0.090909,1.45454
58,0.181818,19.5454
59,0.090909,7.45454
60,1.54545,11.2727
61,0.272727,1.72727
62,1.72727,0.272727
63,0.272727,20.6363
64,0.636363,0.90909
65,0.090909,3.72727
66,0.090909,3.72727
67,1.45454,0.090909
68,0.090909,1.45454
69,15.2727,0.090909
70,0.090909,1.90909
71,0.090909,0.818181
72,4.72727,0.636363
73,4.36363,4.45454
74,0.090909,3.72727
75,1.90909,0.90909
76,1.18182,0.181818
77,9.27272,26.2727
78,8.72727,11.2727
79,2.90909,0
80,4.63636,1.63636
81,0.090909,0.818181
82,1.63636,1.18182
83,0.090909,3.63636
84,1.18182,0.181818
85,0.181818,2.27272
86,0.272727,0.181818
87,0.454545,0.454545
88,0.090909,3.63636
89,0.090909,3.54545
90,0.181818,0.272727
91,0.272727,11.8182
92,0.545454,0.272727
93,1.18182,0.181818
94,0.727272,1.09091
95,0,0.454545
96,5.18182,4.18181
97,4.99999,0
98,0.545454,18.2727
99,0.090909,0.818181
100,9.27272,25.3636
101,0.090909,1.90909
102,4.45454,0.818181
103,0.181818,12.5454
104,0.090909,1.18182
105,0.090909,6.99999
106,0.181818,8.99999
107,1.18182,0.181818
108,9.27272,24.7272
109,1.18182,0.636363
110,0.090909,3.36363
111,0.636363,0.272727
112,8.36363,0
113,0.545454,0.363636
114,2.18182,0.090909
115,2.09091,0.090909
116,0.181818,0.818181
117,5.18182,3.90909
118,0.363636,7.45454
119,55.2727,0.363636
120,0.090909,3.45454
121,3.54545,6.45454
122,0.090909,6.81817
123,1.81818,1.09091
124,8.27272,27.5454
125,2.18182,0.727272
126,0.090909,3.36363
127,0.090909,1.63636
128,0.090909,3.36363
129,0.363636,0.181818
130,0.090909,1.18182
131,0.090909,2.36363
132,0.181818,0.545454
133,39,0.090909
134,6.72727,32.5454
135,0.181818,1.27273
136,0.272727,14
137,0.090909,3.18181
138,0.090909,2.36363
139,0.545454,0.999999
140,0,0.454545
141,0.181818,0.363636
142,0.090909,3.18181
143,5.63636,3.45454
144,0.090909,3.18181
145,0,2.72727
146,0.090909,1.63636
147,4.36363,1.27273
148,1.72727,0.363636
149,0,0.454545
150,2.45454,2.81818
151,1.81818,0.181818
152,0,3.09091
153,0,0.181818
154,0.090909,6.45454
155,15.6363,1.45454
156,0.90909,11.6364
157,0.090909,1.18182
158,1.18182,0
159,0.818181,0.181818
160,0,0.999999
161,0.363636,1.09091
162,0.181818,0.363636
163,0.545454,3.36363
164,0.272727,24.8182
165,0.272727,0.999999
166,0.727272,6.54545
167,0.090909,6.45454
168,0.090909,3.18181
169,0.181818,0.363636
170,0,0.454545
171,0.181818,10.7273
172,0.090909,3.18181
173,0.181818,0.363636
174,0.454545,0.363636
175,1.09091,1.81818
176,0.090909,1.81818
177,0.272727,0.181818
178,0.090909,3.18181
179,0.090909,3.18181
180,0.090909,6.45454
181,0,0
182,0.363636,0
183,0.181818,0.363636
184,0,0.454545
185,0.090909,6.45454
186,8.18182,21.0909
187,0,0.454545
188,0.090909,3.09091
189,2.54545,1.72727
190,0.090909,3.09091
191,3.63636,0.727272
192,0.999999,0.090909
193,0.090909,6.27272
194,0.090909,1.63636
195,0.818181,0.181818
196,0.181818,6.63636
197,38.5454,0.272727
198,7.54545,20.5454
199,0.272727,17.4545
200,0.636363,0.90909
201,5.18181,1.63636
202,0.727272,0.181818
203,0,0.454545
204,0.181818,19
205,0.090909,3
206,0.727272,0.090909
207,0.727272,0.090909
208,7,2.09091
209,0.090909,3
210,0.181818,2.18182
211,9.63636,23
212,1.54545,0
213,0.090909,2.90909
214,0.272727,0.090909
215,0.090909,2.90909
216,7,2.09091
217,0.090909,2.90909
218,7.72727,2.90909
219,0.272727,17.1818
220,0.090909,2.81818
221,5.81818,10.5454
222,3.18181,0
223,3.54545,6.90908
224,7.54545,19.2727
225,5.18182,7.27272
226,0.181818,7.0909
227,25.7273,0.181818
228,0.090909,1.63636
229,0.090909,0.090909
230,0.181818,0.454545
231,1.18182,2
232,0.090909,2.81818
233,1.36363,0.454545
234,0.090909,1.63636
235,0.090909,1.63636
236,0,0.454545
237,0.090909,0.636363
238,14.0909,0
239,7.18182,19
240,0.636363,0.090909
241,1.27273,0.181818
242,0.727272,0.090909
243,1.18182,5.45454
244,0.090909,4.0909
245,4.81818,1.54545
246,1.63636,0.090909
247,0.090909,2.72727
248,0.090909,5.54545
249,3.54545,1.09091
250,0,0.454545
251,0.272727,11.3636
252,0.545454,0.636363
253,0.727272,0
254,0.636363,0.545454
255,0.090909,0.818181
256,3,4.99999
257,0.090909,0.090909
258,0.181818,0
259,5.18182,8.72726
260,0.090909,1.63636
261,1.18182,0.181818
262,0.090909,2.72727
263,7.0909,7.99999
264,0.181818,0.272727
265,0.090909,0.545454
266,7.18182,18.1818
267,0.363636,12
268,7.18182,17.8182
269,43.6363,0
270,0.363636,0.454545
271,0.181818,0.272727
272,0.181818,0.272727
273,0.727272,4.54545
274,0,0.090909
275,0,0.363636
276,0.181818,2.27272
277,0.272727,0.363636
278,33,0
279,0,0.454545
280,0.090909,1.63636
281,0,1.27273
282,6.72727,5.45454
283,0.090909,1.45454
284,0.090909,2.54545
285,0.181818,0.363636
286,0.090909,1.63636
287,0.090909,2.45454
288,0.090909,2.54545
289,0.090909,3.72727
290,6.27272,17.3636
291,3.54545,24.6363
292,0.181818,4.90909
293,0,0.454545
294,0.181818,4.63636
295,0.090909,0.090909
296,0.272727,0.272727
297,0.454545,0.090909
298,0.181818,0.272727
299,0.636363,0
300,2.63636,0.636363
301,3.72727,1.18182
302,3.54545,1.18182
303,0.636363,0.090909
304,9.54545,20.9091
305,0.090909,4.45454
306,0.818181,0.272727
307,0.90909,0
308,0.090909,0.545454
309,0.636363,2.54545
310,5.81818,6.45454
311,0.181818,0.363636
312,0.090909,1.54545
313,0.090909,0.090909
314,2,0
315,0.454545,0.090909
316,0.090909,2.27272
317,0.090909,1.18182
318,0.181818,7.45454
319,7.45454,34.4545
320,0.181818,0.272727
321,0.090909,2.09091
322,1.63636,0.818181
323,8.81818,9.99999
324,0.090909,1.90909
325,0.90909,0
326,1.81818,0.181818
327,0.090909,0.363636
328,0.181818,1.63636
329,7.36363,13.2727
330,0.090909,0.999999
331,17.9091,0
332,4.54545,4.18181
333,0,2.09091
334,0,2.09091
335,6.27272,16.1818
336,0,11.5454
337,0.545454,0.090909
338,1.72727,0.454545
339,0.636363,4.27272
340,0.545454,0.090909
341,0,0
342,6.90909,5.27272
343,30,0.181818
344,0,4.72727
345,0,0.545454
346,26.0909,0.454545
347,1.54545,0.545454
348,0,2
349,0.818181,0.090909
350,0,5.27272
351,0.90909,0.545454
352,2.27272,0.363636
353,0.727272,0
354,0,0.363636
355,0.363636,0.090909
356,6.36363,27.1818
357,0.90909,1.18182
358,0,2.54545
359,0.636363,4
360,0.181818,0.818181
361,0,11.0909
362,0,1.81818
363,0,2.18182
364,2.18182,0.727272
365,5.45454,7.27272
366,0.636363,0.090909
367,0.90909,0
368,1.63636,0.272727
369,4.72727,2.81818
370,3.45454,0.999999
371,0,10.2727
372,26.6363,0.272727
373,0.727272,0.454545
374,0,3.63636
375,23.1818,0
376,0.090909,0.363636
377,0,0
378,0,1.36363
379,4.18181,14.3636
380,0.545454,0.999999
381,0,0.545454
382,0,0.272727
383,0.090909,0
384,0.272727,0.272727
385,1.45454,0.272727
386,0.181818,0.090909
387,0,1.27273
388,0,3.45454
389,0.181818,0.272727
390,1.90909,0.090909
391,0,0
392,0,1.72727
393,18.7273,0.090909
394,0,0.272727
395,0,1.54545
396,0.363636,1.45454
397,0,0.090909
398,0.181818,0.818181
399,0,1.72727
400,8.18181,0.090909
401,0,7.54545
402,0,11.6364
403,1.18182,0.181818
404,0.181818,0.090909
405,0.181818,0.272727
406,0,0.272727
407,0,1.72727
408,0,1.72727
409,0.181818,0.181818
410,0.272727,0.090909
411,0.181818,0.090909
412,1.27273,0.363636
413,0,4.45454
414,0,1.72727
415,4.72727,0.090909
416,0,2.63636
417,0.454545,0
418,0,2.63636
419,0,1.72727
420,0,1.72727
421,0,1.90909
422,0,3.45454
423,0.181818,0.272727
424,0,1.72727
425,0.181818,0.272727
426,2.54545,5.54545
427,0,2.18182
428,1.27273,0.363636
429,0,3.36363
430,0,0.272727
431,0,1.72727
432,0.090909,0.090909
433,0.727272,0
434,0.090909,0.272727
435,1.72727,0.727272
436,3.63636,18.7273
437,0,1.45454
438,0,0
439,0,3.18181
440,0,1.54545
441,0,1.54545
442,0.727272,0.090909
443,0.090909,0.090909
444,6.09091,19.5454
445,0,1.36363
446,0,0.090909
447,0,3
448,0.545454,1.45454
449,0,0.818181
450,2.81818,2.72727
451,0.090909,0.181818
452,1.54545,0
453,0.727272,0.272727
454,0.90909,0
455,3.81818,4.90909
456,0.181818,0.090909
457,2.36363,4.0909
458,0,2.90909
459,0.090909,1.45454
460,0.181818,0.181818
461,0.181818,0.090909
462,3,2.09091
463,3.72727,3
464,3.63636,10.7273
465,0.363636,0.090909
466,0,2.18182
467,0.727272,0.090909
468,0,0.454545
469,2.27272,0.545454
470,0.090909,0.363636
471,0,2.81818
472,0,0.818181
473,0.727272,1.72727
474,0,0.090909
475,0.363636,0.363636
476,0,0.999999
477,2.90909,5.99999
478,0.181818,0.181818
479,0.090909,0.454545
480,0,1.27273
481,0,0.545454
482,7.99999,0
483,0.090909,0.454545
484,0.272727,0.818181
485,0,2.63636
486,4.27273,2.45454
487,0.181818,0.090909
488,0.454545,0
489,0,0.181818
490,1.45454,0.727272
491,0.727272,1.81818
492,0,0.818181
493,0,1.18182
494,0.181818,0.181818
495,0.090909,0
496,0.181818,0.636363
497,0.727272,0
498,0,0.818181
499,0.272727,0.090909
500,0,1.18182
501,0.999999,0.090909
502,1.09091,0
503,4.90909,0
504,3.36363,9.90908
505,1.72727,0
506,0.090909,0.090909
507,0,1.09091
508,16.1818,0.090909
509,0,0.090909
510,1.27273,0
511,0,0.454545
512,0.181818,0.090909
513,0,1.45454
514,0,1.18182
515,0,2.45454
516,1.09091,0.636363
517,1.45455,1.72727
518,0,1.18182
519,2,6.99999
520,0.545454,0.272727
521,1.18182,0.181818
522,0.090909,0.999999
523,0,1.09091
524,0,3.72727
525,0,1.09091
526,0.090909,0.272727
527,0.545454,0.090909
528,0,4.81818
529,3.81818,3.09091
530,0,1.18182
531,5.36364,9.99999
532,3.36363,0
533,0,1.09091
534,0.090909,1.09091
535,1.81818,0.818181
536,0.181818,0
537,0,0.090909
538,0.636363,0
539,0,0.999999
540,0.272727,0.090909
541,0,0.363636
542,0.090909,0.090909
543,0.272727,0.090909
544,0,1.18182
545,0,0.272727
546,0,0.090909
547,0.545454,2.90909
548,0.272727,0
549,1.81818,0.636363
550,0,0.999999
551,0,4.09091
552,0.090909,0.727272
553,0,0.999999
554,2.18182,7.18181
555,0,0
556,0,1.63636
557,0,0.363636
558,2.63636,0.363636
559,0,0.090909
560,0,0.636363
561,0,0.090909
562,2.81818,7.63636
563,0,1.90909
564,0,3.09091
565,0,0.90909
566,0,0.636363
567,0,0
568,0,0.818181
569,1.09091,0.363636
570,0.181818,0.090909
571,2.09091,3.36363
572,0,1.90909
573,0.545454,0.090909
574,2.81818,6.81817
575,0,0.181818
576,0,1.18182
577,0.181818,0.272727
578,0,1.72727
579,0.545454,0
580,0,0.90909
581,0.090909,0.363636
582,0,0.181818
583,0.090909,0.090909
584,1.18182,0.454545
585,0,0.727272
586,0.272727,0
587,0,0.363636
588,0,0.636363
589,0,0
590,0,0.181818
591,0,0.181818
592,0,0.363636
593,0.90909,0.090909
594,0.090909,0
595,0,0.727272
596,0.090909,0.272727
597,4.36364,5.27272
598,0.090909,0
599,0.727272,0
600,14.5454,0
601,0.272727,0
602,0,0.454545
603,7.45454,0
604,0,0.090909
605,7.72727,0
606,0,0.090909
607,0,0.727272
608,0,0
609,0,0.727272
610,0,0.090909
611,0,3.81818
612,1.27273,0.999999
613,0,1.45454
614,1.45454,5.90908
615,0.090909,1.36363
616,0,0
617,0.181818,0.363636
618,0,0.636363
619,0,0.636363
620,0,0.363636
621,0,0.272727
622,0,0.90909
623,0,0.454545
624,0,0.636363
625,0,0.454545
626,0,1.45454
627,0,0.090909
628,0,0.636363
629,0,0.636363
630,0.090909,0.090909
631,0,0.181818
632,0,0
633,0.272727,0.90909
634,0.181818,0.090909
635,1.72727,0.727272
636,0.090909,0.090909
637,0,0.272727
638,0,1.45454
639,0,0.272727
640,0,0.090909
641,0,0.454545
642,1.45454,4.99999
643,0,3.18181
644,0,0.181818
645,0,0.181818
646,0,0
647,0,0
648,0.636363,0
649,0,1.27273
650,2.36364,2.72727
651,0,1.81818
652,0,0
653,1.18182,0
654,2.54545,5.81818
655,0,0.272727
656,0.090909,0.181818
657,0,0.454545
658,0.363636,0
659,0.999999,0.090909
660,3.90909,0
661,0,0.454545
662,0,0.090909
663,0,0
664,0,0.090909
665,0,0.090909
666,0,0.454545
667,0.090909,0
668,0,0.454545
669,0,0.090909
670,0.454545,0.090909
671,0,0.090909
672,0.999999,4.0909
673,0,0
674,0,0.363636
675,0.272727,0
676,0,0.181818
677,0,0.818181
678,0,2
679,0,0
680,0,0
681,0,0.363636
682,0,0.272727
683,0,0
684,0,0.090909
685,0,0.090909
686,0,0.272727
687,0,0.363636
688,0,0.363636
689,4.81818,0.181818
690,0,0.272727
691,0,0
692,0.363636,0
693,0.181818,1.54545
694,0,0.272727
695,0.999999,1.72727
696,0.363636,0.181818
697,1.63636,0
698,0,0.090909
699,0.181818,0.090909
700,0.181818,0
701,0,0.90909
702,0.636363,2.90909
703,1.90909,0
704,0.363636,0.181818
705,0,0.636363
706,0,0.636363
707,0,1.18182
708,0,1.54545
709,0,0.090909
710,0,0.090909
711,1.09091,0.90909
712,0.181818,0
713,0,1.72727
714,1.63636,2.18182
715,0.636363,0
716,0,0
717,0,0.272727
718,0.363636,0
719,0,0.454545
720,0,0.454545
721,0,0.090909
722,0,0
723,0.181818,0
724,0.090909,0.90909
725,1.27273,0.818181
726,0,0.090909
727,0,0.181818
728,0,0
729,0,0
730,0,0
731,0.545454,0.545454
732,0,0.181818
733,0.181818,0
734,0,0
735,0.181818,0
736,0,0
737,0,0.181818
738,1.72727,0
739,0,0.181818
740,0,0
741,0,0.090909
742,0,0.272727
743,0,0.545454
744,0.181818,0.090909
745,0,0.181818
746,0,0
747,0,0
748,0.090909,0
749,0.181818,0.272727
750,0,0
751,0,0.181818
752,0.272727,0
753,1.09091,0
754,0,0.818181
755,0,0.363636
756,0,0
757,0,0
758,0,0
759,0.090909,0.090909
760,0,0
761,0,0
762,0,0
763,0,0
764,0,0
765,0,0
766,0,0
Imbalance analysis (in edges contribution):
Vertex,PositiveSum,NegativeSum
0,0,0
1,0,0
2,0,0.090909
3,0,0
4,0,0
5,0,0
6,0,0
7,0,0
8,0,0
9,0,0.090909
10,0,0
11,0,0
12,0,0
13,0,0
14,0,0
15,0,0
16,0,0
17,0,0
18,0,0
19,0,0
20,0,0
21,0,0
22,0,0
23,0,0.272727
24,0,0
25,0,0.454545
26,0,0.727272
27,0,0
28,0.727272,0
29,0.272727,0.272727
30,0,0
31,0,0
32,0,0
33,0,0
34,0.090909,0.181818
35,0.272727,0
36,0,0
37,0,0
38,1.54545,0
39,0.090909,0
40,0,0.181818
41,0.181818,0
42,0.272727,0.272727
43,0,1.18182
44,0.181818,0.636363
45,0.181818,0.272727
46,0.181818,0.454545
47,0.272727,0.454545
48,0,0
49,0,0
50,0.090909,0
51,0,0
52,0,0.272727
53,0,0.363636
54,0,0
55,0.181818,0
56,0,0
57,0,0.181818
58,0.090909,1.72727
59,0,0.363636
60,0.090909,0.90909
61,0,0
62,0.181818,0.090909
63,0.090909,2
64,0.090909,0.090909
65,0,0
66,0,0
67,0,0
68,0,0.181818
69,0.90909,0
70,0,0.181818
71,0.090909,0.090909
72,0.090909,0.181818
73,0.181818,0.727272
74,0,0
75,0.090909,0.181818
76,0.090909,0
77,0.454545,3.09091
78,0.363636,1.54545
79,0,0
80,0.272727,0.181818
81,0,0
82,0.454545,0.181818
83,0,0.090909
84,0.181818,0
85,0,0.181818
86,0.090909,0
87,0.181818,0
88,0,0.090909
89,0,0.272727
90,0,0
91,0,1.36364
92,0,0
93,0.090909,0
94,0.090909,0
95,0,0
96,0.363636,0.818181
97,0.454545,0
98,0.363636,2.09091
99,0,0
100,0.454545,4
101,0,0.181818
102,0.090909,0.181818
103,0.090909,1.90909
104,0,0.090909
105,0,0.818181
106,0.090909,1.09091
107,0.090909,0
108,0.454545,4.63636
109,0,0.181818
110,0,0.454545
111,0.272727,0
112,1.54545,0
113,0,0
114,0,0
115,0,0
116,0.090909,0
117,0.363636,1.09091
118,0.272727,0.90909
119,12.7273,0
120,0,0.272727
121,0.727272,1.27273
122,0,0.999999
123,0.363636,0.363636
124,1.09091,5.81818
125,0,0.454545
126,0,0.363636
127,0,0.272727
128,0,0.363636
129,0.090909,0
130,0,0.181818
131,0,0.272727
132,0.090909,0
133,7.81817,0
134,1.18182,7.27272
135,0,0
136,0,3.45454
137,0,0.545454
138,0,0.272727
139,0,0
140,0,0.090909
141,0.090909,0.090909
142,0,0.545454
143,0.90909,0.999999
144,0,0.545454
145,0,0.090909
146,0,0.272727
147,0.818181,0.454545
148,0.090909,0.090909
149,0,0.090909
150,0.545454,0.999999
151,0.545454,0
152,0,0.454545
153,0.090909,0
154,0,1.36363
155,3.63636,0.090909
156,0.090909,2.45454
157,0,0.181818
158,0.454545,0
159,0.454545,0
160,0.090909,0.090909
161,0.090909,0.545454
162,0.090909,0
163,0.181818,0.272727
164,0.181818,6.81817
165,0,0
166,0.545454,1.36363
167,0,1.36363
168,0,0.545454
169,0.090909,0
170,0,0.090909
171,0.090909,2.45454
172,0,0.545454
173,0.090909,0
174,0.272727,0
175,0.818181,0.181818
176,0,0.272727
177,0.181818,0
178,0,0.545454
179,0,0.545454
180,0,1.36363
181,0,0
182,0,0
183,0.090909,0
184,0,0.090909
185,0,1.36363
186,1.54545,8.27272
187,0,0.090909
188,0,0.636363
189,0.545454,0.90909
190,0,0.636363
191,0.818181,0.272727
192,0.454545,0
193,0,1.54545
194,0,0.272727
195,0.454545,0
196,0.090909,1.36363
197,13.7273,0.090909
198,2.18182,8.81817
199,0.090909,5.18181
200,0.363636,0.090909
201,1.36364,1.09091
202,0.545454,0
203,0,0.090909
204,0.090909,5.18181
205,0,0.727272
206,0.545454,0.090909
207,0.545454,0.090909
208,0.90909,0.818181
209,0,0.727272
210,0,0.272727
211,2.18182,9.54544
212,0.090909,0
213,0,0.818181
214,0.181818,0.090909
215,0,0.818181
216,0.90909,0.818181
217,0,0.818181
218,1.45454,1.54545
219,0.181818,6.54545
220,0,0.999999
221,1.63636,4
222,0.818181,0
223,1.36363,3.54545
224,2.18182,10.0909
225,1.63636,4.36363
226,0,2.27272
227,9.72726,0
228,0,0.454545
229,0.181818,0
230,0.181818,0.090909
231,0.90909,0.636363
232,0,0.90909
233,0.090909,0.090909
234,0,0.454545
235,0,0.454545
236,0.090909,0.090909
237,0,0.181818
238,4.99999,0
239,2.54545,10.3636
240,0.545454,0
241,0.727272,0.181818
242,0.363636,0.090909
243,0.181818,2.36363
244,0,1.45454
245,1.72727,1.18182
246,0.90909,0
247,0,0.999999
248,0.181818,1.90909
249,1.36363,0.727272
250,0,0.090909
251,0.090909,5.63636
252,0.363636,0.181818
253,0.181818,0
254,0.90909,0.181818
255,0,0.181818
256,1.27273,2.72727
257,0.181818,0.090909
258,0.090909,0
259,1.81818,5.81818
260,0,0.454545
261,0.727272,0.181818
262,0,0.999999
263,2.81818,4.99999
264,0.090909,0.090909
265,0.090909,0
266,2.54545,11.1818
267,0.363636,8.45454
268,2.54545,11.5454
269,23.9091,0
270,0.181818,0.090909
271,0.090909,0.090909
272,0.090909,0.090909
273,0.727272,2.90909
274,0.181818,0.090909
275,0,0.090909
276,0.090909,0.999999
277,0.454545,0
278,19.8182,0.272727
279,0,0.090909
280,0,0.454545
281,0,0.454545
282,3.09091,3.27272
283,0,0.454545
284,0,1.18182
285,0.090909,0.090909
286,0,0.454545
287,0,1.36363
288,0,1.18182
289,0,1.09091
290,3.45454,12
291,1.63636,14.8182
292,0,2.09091
293,0,0.090909
294,0.090909,3.36363
295,0.181818,0
296,0.272727,0.090909
297,0.454545,0
298,0.090909,0.181818
299,0.636363,0
300,1.81818,0.363636
301,1.63636,0.727272
302,1.81818,1.09091
303,0.545454,0.090909
304,4,14.0909
305,0,3.36363
306,0.818181,0.090909
307,0.090909,0
308,0,0.272727
309,0.363636,3
310,1.90909,5.27272
311,0.272727,0.090909
312,0,0.545454
313,0.363636,0
314,0.90909,0
315,0.272727,0.181818
316,0,1.45454
317,0.181818,0.545454
318,0.090909,5.72727
319,3.54545,25
320,0.545454,0.090909
321,0,1.63636
322,0.818181,0.818181
323,3.90909,5.90908
324,0,1.90909
325,0.090909,0
326,0.90909,0.454545
327,0,0.454545
328,0,1.09091
329,2.45454,11.1818
330,0,0.636363
331,14.7273,0
332,2.90909,3.81818
333,0.090909,1.63636
334,0.090909,1.63636
335,3.45454,13.1818
336,0.363636,11.0909
337,0.727272,0.090909
338,1.81818,0.818181
339,0.636363,3.63636
340,0.727272,0.090909
341,0,0
342,2.72727,3.27272
343,29.8182,0.272727
344,0.272727,4.36363
345,0.090909,0.363636
346,20.1818,0
347,1.36363,0.363636
348,0.090909,1.72727
349,0.818181,0.181818
350,0.181818,5.45454
351,0.454545,0.363636
352,2.54545,0.090909
353,0.90909,0
354,0,0.272727
355,0.727272,0.090909
356,4.90909,24.3636
357,0.636363,0.999999
358,0.090909,2.54545
359,0.636363,3.90909
360,0.090909,0.90909
361,0.363636,11.5454
362,0.090909,1.90909
363,0.090909,1.63636
364,2.18182,1.45454
365,4.18182,7.63636
366,0.999999,0.272727
367,0.636363,0
368,0.818181,0.363636
369,4.09091,3.90909
370,3.09091,1.72727
371,0.363636,12.3636
372,32.7273,0.181818
373,1.45454,1.09091
374,0.090909,4.18181
375,31.3636,0.272727
376,0.181818,0.181818
377,0.090909,0
378,0.090909,0.90909
379,5.54545,15
380,0.545454,1.54545
381,0.090909,0.363636
382,0.090909,0.545454
383,0.090909,0.090909
384,0.272727,0.090909
385,1.90909,0.181818
386,0,0
387,0.090909,0.818181
388,0.090909,4.36363
389,0.90909,0.181818
390,1.54545,0.090909
391,0.090909,0.272727
392,0.090909,2
393,20.0909,0.090909
394,0,0.272727
395,0.090909,2.27272
396,0.363636,2.18182
397,0.090909,0.181818
398,0.181818,1.09091
399,0.090909,2
400,9.54544,0
401,0.272727,9.90908
402,0.272727,16.9091
403,1.09091,0.636363
404,1.09091,0.090909
405,0.90909,0.181818
406,0.090909,0.545454
407,0.090909,2
408,0.090909,2
409,0.090909,0.181818
410,0.90909,1.09091
411,0.272727,0.090909
412,0.90909,0.818181
413,0.272727,5.36363
414,0.090909,2
415,5.72727,0
416,0.181818,2.45454
417,0.454545,0
418,0.090909,2.90909
419,0.090909,2
420,0.090909,2
421,0.181818,1.81818
422,0.090909,4.36363
423,0.272727,0.181818
424,0.090909,2
425,1.63636,0.272727
426,4.45454,8.99999
427,0.272727,2.45454
428,0.90909,0.818181
429,0.090909,4.45454
430,0,0.90909
431,0.090909,2
432,0.181818,0.363636
433,0.90909,0
434,0.090909,0
435,1.72727,1.09091
436,6.18182,27.3636
437,0.090909,2.36363
438,0.090909,0.181818
439,0.090909,4.63636
440,0.090909,2.18182
441,0.090909,2.18182
442,0.90909,0.181818
443,0.181818,0.363636
444,7.09091,30.6363
445,0.090909,2.36363
446,0.090909,0.727272
447,0.090909,4.81818
448,1.90909,3
449,0.090909,1.27273
450,4.63636,5.27272
451,0.636363,0.181818
452,1.45454,0
453,0.636363,0.545454
454,1.72727,0
455,3.09091,6.90908
456,1.09091,0.090909
457,4.45454,7.54545
458,0.090909,4.90909
459,0.272727,1.90909
460,0.090909,0.181818
461,0.999999,0
462,4.81818,3.81818
463,5.54545,6.18181
464,6.09091,18.6363
465,0.363636,0.181818
466,0.090909,3.36363
467,0.90909,0.181818
468,0.090909,0.454545
469,2.45454,0.363636
470,0.272727,0.181818
471,0.272727,5.18181
472,0.090909,1.27273
473,2.18182,2.63636
474,0.090909,0.727272
475,0.272727,1.18182
476,0.636363,1.54545
477,5,10.4545
478,0.090909,0.181818
479,0.545454,0.999999
480,0.090909,2.45454
481,0.090909,1.09091
482,15.9091,0
483,0.818181,0.181818
484,0.999999,0.363636
485,0.090909,5.18181
486,4.90909,6.36363
487,0,0
488,0.363636,0.090909
489,0.545454,0.545454
490,3.45454,1.09091
491,1.36364,4
492,0.090909,1.27273
493,0.090909,2.63636
494,0.090909,0.636363
495,0.090909,0.090909
496,0.454545,0.545454
497,1.27273,0.181818
498,0.090909,1.09091
499,0.636363,0.181818
500,0.090909,2.63636
501,1.18182,0.636363
502,1.81818,0
503,10.0909,0
504,6.36364,19.4545
505,4.63636,0
506,1.54545,0
507,0.090909,2.72727
508,29.7272,0.363636
509,0.090909,0.727272
510,2.36363,0
511,0,0.363636
512,1.09091,0.090909
513,0.090909,2
514,0.090909,2.54545
515,0.090909,5.36363
516,2.81818,1.72727
517,4.09091,3.27272
518,0.090909,2.54545
519,4.72727,14.7273
520,2,0.181818
521,0.999999,0.999999
522,0.181818,2.27272
523,0.090909,2.63636
524,0.636363,10.5454
525,0.090909,2.72727
526,0.181818,0.727272
527,1.09091,0.181818
528,0.272727,12.6364
529,4.36363,5.90908
530,0.181818,1.63636
531,7.63636,24.3636
532,9.18181,0
533,0.363636,2.81818
534,0.181818,2.72727
535,3.54545,1.09091
536,0.636363,0.818181
537,0.090909,0.727272
538,0.999999,0
539,0.090909,2.72727
540,1.09091,0.090909
541,0.454545,0.818181
542,0.454545,0.090909
543,0.818181,0.090909
544,0.090909,1.27273
545,0,0.181818
546,0,0.454545
547,1.63636,7.54545
548,0.636363,0
549,3.90909,2.09091
550,0.090909,2.72727
551,0.454545,11.7273
552,1.36363,1.09091
553,0.090909,2.72727
554,5.63636,22.0909
555,0.090909,0.818181
556,0.181818,3.36363
557,0.181818,0.90909
558,4.27272,1.54545
559,0.727272,0.090909
560,0.090909,1.45454
561,0.181818,0.454545
562,6.90909,21.7273
563,0.272727,6.0909
564,0.272727,10.0909
565,0.090909,2.90909
566,0.090909,1.45454
567,0.363636,0
568,0.090909,2.90909
569,2.09091,0.181818
570,0.545454,0.181818
571,5.81818,9.45454
572,0.090909,5.90908
573,1.09091,0.181818
574,6.90909,22.5454
575,0.272727,0.181818
576,0.363636,3.45454
577,0.90909,0.181818
578,0.090909,3.81818
579,2,0.090909
580,0.090909,0.90909
581,0.90909,1.72727
582,0,0.272727
583,0.363636,0.090909
584,1.54545,0.545454
585,0.090909,3
586,0.363636,0.272727
587,0.181818,0.90909
588,0,2.63636
589,0.090909,0.818181
590,0,0.636363
591,0,0.454545
592,0.090909,0.636363
593,2.81818,0.454545
594,0.272727,0.090909
595,0.090909,3
596,0.181818,0.727272
597,6.63636,18.2727
598,0,0.090909
599,0.818181,0
600,60.5454,0.454545
601,0.545454,0.090909
602,0.090909,1.45454
603,31.8182,0.181818
604,0.727272,0.090909
605,31.7273,0.181818
606,0.727272,0.272727
607,0.090909,3.09091
608,0,0
609,0.090909,3
610,0,0.454545
611,0.272727,17.4545
612,3.27272,3.45454
613,0.090909,4.0909
614,8.27273,23.4545
615,0.181818,6.54545
616,0.545454,0.363636
617,2.90909,2.27272
618,0.090909,3.09091
619,0.090909,3.18181
620,0.818181,0.363636
621,0.090909,1.36363
622,0.090909,2.54545
623,0.090909,0.90909
624,0.090909,3.09091
625,1.27273,0.545454
626,0.090909,6.36363
627,1.27273,0.090909
628,0.181818,1.18182
629,0.090909,3.09091
630,0.181818,1.18182
631,1.09091,0.272727
632,0.818181,0
633,3.18181,1.54545
634,0.454545,0.363636
635,5.90908,2.72727
636,1.90909,0.272727
637,0.090909,1.36363
638,0.090909,6.36363
639,1.18182,0.363636
640,1.27273,0.090909
641,0,0.90909
642,8.27273,24.3636
643,0.272727,21
644,1.09091,0.454545
645,0,0.636363
646,0.090909,0.818181
647,0.090909,0.818181
648,2.72727,0.636363
649,0.090909,6.54545
650,7.18182,14.5454
651,0.454545,12.4545
652,0.181818,0
653,10.2727,0.181818
654,9.54545,35.9091
655,0.090909,1.63636
656,0.272727,0.454545
657,0.090909,3.27272
658,0.363636,0.090909
659,3.81818,0.727272
660,24.7272,0.090909
661,0.090909,3.27272
662,0.272727,0.272727
663,0.90909,0
664,0.090909,0.090909
665,0.363636,0.454545
666,0.090909,3.27272
667,0.363636,0
668,0.090909,3.27272
669,2.09091,0
670,1.09091,0.454545
671,1.09091,0.363636
672,8.72727,25.2727
673,0.545454,0.181818
674,0.090909,3.45454
675,0.545454,0.090909
676,0.090909,0.181818
677,0.272727,7.18181
678,0.272727,14.8182
679,0,0
680,1.45454,0.090909
681,0.090909,3.36363
682,0.090909,1.81818
683,1.27273,0.181818
684,1.09091,0.363636
685,0,0.454545
686,0.090909,1.63636
687,0.090909,3.36363
688,0.090909,3.36363
689,32.7273,0.90909
690,0.090909,1.81818
691,1.27273,0.181818
692,1.27273,0
693,0.454545,17.3636
694,0.181818,2.18182
695,8.09091,11.0909
696,4.45454,0.272727
697,13.6363,0
698,0.090909,0.545454
699,0.454545,0.545454
700,1.54545,0.545454
701,2.45454,5.27272
702,9.09091,26.4545
703,20.9091,0
704,3.18181,1.18182
705,0.090909,7.18181
706,0.181818,6.45454
707,0.181818,15.1818
708,0.272727,20
709,0.272727,0.272727
710,0,0.454545
711,8.72727,7.27272
712,0.90909,0.181818
713,0.272727,22.2727
714,11.1818,29.2727
715,4.0909,0
716,1.27273,0.181818
717,0.363636,0.999999
718,1.54545,0.727272
719,0.090909,7.36363
720,0.090909,5.0909
721,0.727272,0.636363
722,1.18182,0.818181
723,0.818181,0
724,0.727272,13.3636
725,9.72727,22.7272
726,0.90909,1.72727
727,0.090909,3.54545
728,0,0
729,0.272727,0.090909
730,1.45454,1.54545
731,9.72727,14.3636
732,0.090909,3.54545
733,1.45454,0
734,0.454545,0.090909
735,0.818181,0
736,1.45454,1.54545
737,0.363636,1.09091
738,44.5454,0.454545
739,0.090909,3.54545
740,0.090909,2.09091
741,0,0.454545
742,0.272727,7.18181
743,0.181818,22.1818
744,1.36363,0.454545
745,0.090909,3.54545
746,0.545454,0.363636
747,0.090909,1.90909
748,1.54545,0
749,1.18182,6.36363
750,0,0
751,0.090909,3.54545
752,7.36363,5.45454
753,44.1818,0.545454
754,8.27272,32.7272
755,9.72727,29
756,1.90909,0.90909
757,0.090909,3.72727
758,0.090909,2.09091
759,0.727272,14.1818
760,1.54545,0.545454
761,0.999999,0
762,1.72727,0.363636
763,2.72727,0
764,0.090909,0.90909
765,0.272727,0.363636
766,0.363636,1.27273

Cluster contribution to imbalance analysis (cluster-cluster matrix):
1852.73, 633.636, 25.9091, 
528.636, 6.90908, 3.45454, 
53.8181, 12.4545, 0, 

