Global time spent: 7206.73
I(P) = 452.384
Clustering configuration: 
 Partition 0 (724): [ 0 1 2 3 4 5 6 7 8 9 10 11 12 14 15 16 17 18 19 20 21 22 23 25 26 27 28 29 30 31 32 33 34 35 37 38 39 40 42 43 44 45 46 47 48 49 50 51 52 53 54 55 56 57 58 59 60 61 62 63 64 65 66 67 68 69 70 71 73 74 75 76 77 78 79 80 81 82 83 84 85 86 87 88 89 90 91 92 93 94 95 96 97 98 99 100 101 103 104 105 106 107 108 109 110 111 112 113 114 115 116 118 119 120 121 122 123 124 125 126 127 128 129 130 131 132 133 134 135 136 137 138 140 141 142 143 144 145 146 147 148 149 150 151 152 153 154 156 157 158 159 160 161 162 163 164 165 167 168 169 170 171 172 173 174 175 176 177 178 179 180 181 182 183 184 185 186 187 188 189 190 191 192 193 194 195 196 197 198 199 200 201 202 203 204 205 206 207 208 209 210 211 212 213 214 215 216 217 218 219 220 221 222 223 224 225 226 227 228 229 230 231 232 233 234 235 236 237 238 240 241 242 243 244 245 246 247 248 249 250 251 252 253 254 256 258 259 260 261 262 263 264 265 266 267 268 269 270 272 273 274 275 276 277 278 279 280 281 282 283 284 285 287 288 289 290 291 292 293 294 295 296 297 298 299 301 302 303 304 305 306 307 308 309 310 311 312 313 314 315 316 317 318 319 320 321 322 323 324 326 327 328 329 330 332 333 334 335 336 337 338 339 340 341 342 343 344 345 346 347 348 349 350 352 354 355 356 357 358 359 360 361 362 363 364 366 367 368 370 371 372 373 374 377 378 379 380 381 382 383 384 385 386 387 388 389 390 391 392 393 394 395 396 397 398 399 400 402 403 404 405 406 407 408 409 410 411 412 413 414 415 416 417 418 420 421 422 423 424 425 427 428 429 430 431 432 433 434 435 436 437 438 439 440 442 443 444 445 446 447 448 449 450 451 452 453 454 455 456 457 458 459 460 461 462 463 464 465 466 467 468 469 470 472 473 474 475 476 477 478 480 481 482 484 485 486 487 488 489 490 491 492 493 494 495 496 497 498 499 500 501 502 503 504 505 506 507 508 509 510 511 512 513 514 517 518 520 521 522 523 524 525 526 527 528 529 530 531 532 533 534 535 536 537 539 542 545 546 547 548 549 550 551 552 553 554 555 556 557 558 559 560 561 562 563 564 565 566 567 568 569 571 572 575 576 577 578 579 580 581 582 583 584 585 586 587 588 589 590 591 592 593 594 595 597 598 599 600 601 602 603 604 605 606 607 608 609 610 611 612 613 614 615 616 617 618 619 620 621 622 623 624 625 626 627 628 629 630 631 632 633 634 635 636 637 638 639 641 642 643 644 645 646 647 649 650 652 654 655 656 657 658 659 660 661 662 663 664 665 666 667 668 669 670 671 672 673 674 675 676 677 678 679 680 681 682 683 684 685 686 687 688 689 690 691 692 693 694 695 696 697 698 699 700 702 703 704 705 706 707 708 709 710 712 713 714 715 716 717 718 719 720 722 723 724 725 726 727 728 729 730 731 732 733 734 735 736 737 738 739 740 742 743 744 745 746 747 748 751 752 753 754 755 757 758 759 760 761 762 763 764 765 766 768 769 770 771 772 773 774 775 776 777 778 ] 
 Partition 1 (55): [ 13 24 36 41 72 102 117 139 155 166 239 255 257 271 286 300 325 331 351 353 365 369 375 376 401 419 426 441 471 479 483 515 516 519 538 540 541 543 544 570 573 574 596 640 648 651 653 701 711 721 741 749 750 756 767 ] 

Imbalance analysis (out edges contribution):
Vertex,PositiveSum,NegativeSum
0,0,0.615384
1,0,0.076923
2,0.538461,0
3,0,0
4,0,0
5,0.076923,0.307692
6,0.461538,0
7,0,0
8,0,0.230769
9,0,0
10,2.46154,0
11,0,0
12,0,0
13,26.4615,0.307692
14,1.23077,0
15,0.384615,0
16,0,0.307692
17,0.153846,0.230769
18,0.076923,0.076923
19,0.076923,0.153846
20,0,0.384615
21,0,0
22,0,0
23,0,0.076923
24,12.6154,0.076923
25,1.07692,0
26,0,0
27,0,0.153846
28,0,0.384615
29,0,1.92308
30,0.384615,0
31,0,0.076923
32,0.384615,0
33,0,0
34,1.53846,0
35,0,0
36,21.0769,0.153846
37,0,0.153846
38,0,0
39,0,0.461538
40,0,0.153846
41,0.230769,0
42,0.461538,0
43,0,0.230769
44,0,0.076923
45,0,0.153846
46,0,0.307692
47,0.999999,0
48,0,0.153846
49,0.307692,0.384615
50,0,0
51,0,0
52,0,0
53,0,0
54,0,0.230769
55,0,0.307692
56,0.230769,0
57,0.461538,0
58,0,0.153846
59,0.461538,0.076923
60,0.307692,0
61,0.692307,0.230769
62,0.307692,0
63,0,0
64,1.23077,0
65,0.076923,0.076923
66,0,0
67,0.384615,0.153846
68,0,0
69,0,0
70,0,0
71,0,0
72,1.53846,0
73,0,0.384615
74,0,0
75,2.61538,0.692307
76,0,0.846153
77,0,0
78,1.30769,0
79,0,0.153846
80,0.153846,0.076923
81,0.153846,0.076923
82,0,0
83,0,0.230769
84,0.307692,0
85,0.307692,0
86,0,0.076923
87,0.076923,0
88,0.538461,0.230769
89,0,0.153846
90,0,0
91,0.307692,0
92,0,0.153846
93,0,0
94,0.307692,0
95,0,0
96,0.384615,0
97,0.076923,0.461538
98,0.307692,0
99,0,0
100,0,0
101,0.076923,0.230769
102,2,0
103,0,0
104,3.15384,0.076923
105,0.615384,0.461538
106,1.15385,0
107,0.076923,0.076923
108,0,0
109,0.307692,0
110,0,0.384615
111,0,0.230769
112,0,0.615384
113,0,0.846153
114,0.999999,0
115,1.15385,0
116,0,0.076923
117,1.53846,0
118,1.15385,0
119,0,0
120,0.76923,0
121,0,0
122,0.307692,0
123,0,0.076923
124,0.923076,0
125,0,0
126,2.76923,0
127,0.076923,0
128,0,0.153846
129,0,0.230769
130,0.307692,0.384615
131,1.07692,0
132,0.307692,0
133,1.15385,0
134,0,0
135,0.076923,0
136,0.076923,0
137,0.384615,0
138,0.384615,0
139,9.30768,0.076923
140,10.5385,8.46153
141,0.384615,0.846153
142,0,0
143,0,0
144,0,0.153846
145,0.076923,0.076923
146,0,0
147,0.538461,0
148,0,0
149,2.30769,0.230769
150,0,0.076923
151,0.461538,0
152,0.076923,0
153,0.076923,0.230769
154,0,0.153846
155,0.307692,0
156,0.307692,0
157,0,0.76923
158,0.307692,0
159,0.153846,0.230769
160,0.461538,0
161,1.53846,0
162,0,0.076923
163,0,0.692307
164,0.384615,0
165,0,0.461538
166,0.846153,0
167,0,0.076923
168,0,0
169,4.23076,2.69231
170,0,0
171,0.846153,4.38461
172,0.538461,0
173,0.307692,0
174,0,0
175,0,0
176,1.15385,0
177,0,0
178,0,0.923076
179,0,0
180,1.15385,0
181,0,0.076923
182,0.384615,0.692307
183,0,0
184,0.076923,0
185,0.076923,0.76923
186,0.307692,0
187,0,0
188,0,0
189,0,0.230769
190,0,0
191,0,0
192,0.307692,0
193,0,0
194,0,0
195,0,0
196,0.076923,0
197,0,0
198,0,0
199,0,0
200,0.307692,0
201,0.307692,0
202,0.307692,0
203,0,0.538461
204,0.307692,0
205,1.15385,0
206,0,0.076923
207,0,0
208,0.230769,0.076923
209,0,0.384615
210,0.923076,0.076923
211,0.076923,0
212,0,0.076923
213,0,0
214,0.307692,0
215,0.307692,0
216,0,0.153846
217,4.76923,0.76923
218,1.46154,0.076923
219,0,0.384615
220,0,0.153846
221,0,0.153846
222,0.846153,0.153846
223,0.307692,0
224,0,0.153846
225,0.307692,0.076923
226,0.076923,0
227,0,0
228,0.538461,0.076923
229,1.61538,0
230,3.92307,0
231,1.07692,0
232,0,0
233,0,0
234,0.076923,0.307692
235,1.53846,0
236,0.461538,0
237,0,0
238,0.076923,0.307692
239,2.46154,0
240,0.230769,0
241,0.076923,0
242,0.384615,0
243,0,0
244,13.4615,4
245,0.076923,0.307692
246,0,0
247,0.153846,0
248,0.076923,0.153846
249,0.307692,0
250,0,0
251,0,0
252,0,0
253,0,0.384615
254,0.384615,0
255,1.30769,0
256,0.076923,0
257,0,0.538461
258,0.076923,0.153846
259,0,0.307692
260,0.999999,0.076923
261,1.15385,0.153846
262,0.076923,0
263,0.076923,0.076923
264,1.15385,0
265,0,0.307692
266,0,0.307692
267,0,0
268,0.076923,0
269,0.307692,0
270,0,0
271,0.230769,0
272,0,0.153846
273,0.076923,0.461538
274,0,0.076923
275,0,0
276,0,0.153846
277,0.076923,0
278,0.076923,0.307692
279,0,0
280,0.307692,0.076923
281,0,0
282,0,0.76923
283,0.076923,0.461538
284,0,0
285,0,0.538461
286,9.15384,0.153846
287,0.076923,0
288,0,0
289,0,0
290,0,0
291,0.307692,0
292,0,0
293,0,0
294,0,0
295,0.538461,1.23077
296,1.46154,0
297,0,0
298,0.999999,0
299,0,0.153846
300,3.15384,0
301,0.076923,0
302,0,0.076923
303,0,0
304,0.307692,0
305,0,0.153846
306,0,0
307,0,0
308,0.307692,0
309,0.153846,0
310,0.538461,0
311,0.307692,0
312,0.230769,0
313,0,0.076923
314,0,0
315,1.07692,0
316,0,0.307692
317,0.384615,0
318,1.69231,0.076923
319,0,0
320,0,0.307692
321,0,0.384615
322,0.230769,0.076923
323,0.307692,0
324,0,0
325,7.6923,0.076923
326,0,0
327,0.076923,0.153846
328,0,0.384615
329,0,0.307692
330,0,0.384615
331,2.23077,0
332,0.153846,0
333,0,0.076923
334,0.384615,0
335,0,0.153846
336,0,0
337,0,0
338,0,0
339,0,0
340,0.076923,0
341,0,0.461538
342,0.307692,0
343,0,0.153846
344,9.15384,3.46153
345,0,0
346,0,0.076923
347,0,0
348,0,0.076923
349,0.307692,0
350,0.384615,0.615384
351,3.15384,0
352,0,0
353,1.46154,0
354,0.307692,0
355,0,0
356,0,0
357,0.076923,0
358,0.923076,0
359,0.076923,0
360,0.230769,0
361,0.384615,0
362,0.923076,0
363,0.307692,0
364,0,0
365,4.92307,0
366,0,0.076923
367,0,0.461538
368,0.384615,0
369,4.38461,0.076923
370,0,0.384615
371,0,0.230769
372,0.307692,0
373,0,0.153846
374,1.07692,0
375,0.230769,0
376,0.230769,0
377,0,0
378,0,0
379,0.076923,0
380,0,0.076923
381,0,0
382,0.307692,0
383,0,0
384,0,0.384615
385,0,0.230769
386,0.846153,0.076923
387,0.384615,0
388,0,0.076923
389,0.076923,0
390,0.076923,0.153846
391,0,0.307692
392,0.615384,0
393,0,0.230769
394,0.307692,0
395,0,0.076923
396,0,0
397,0,0.615384
398,0.076923,0
399,0.307692,0
400,0.307692,0
401,2.61538,0
402,0.076923,0
403,0.307692,0
404,0,0
405,0,0.076923
406,0,0
407,2,0
408,0,0
409,0,0.076923
410,0,0
411,0,0.076923
412,0,0
413,1.07692,0
414,0,0.384615
415,0,0.307692
416,3.92307,1.92308
417,0.307692,0
418,0,0
419,2.84615,0.076923
420,0,0
421,0,0
422,0.230769,0
423,0,0
424,1.84615,0
425,0,0.076923
426,0.692307,0
427,0.230769,0
428,0,0.230769
429,0.307692,0
430,0,0
431,0,0
432,0.307692,0
433,0.999999,0
434,0,0
435,0.307692,0
436,0.230769,0
437,0.307692,0
438,1.61538,0
439,0,0.384615
440,0.307692,0
441,0.692307,0
442,0,0.153846
443,0.999999,0
444,0,0
445,0,0
446,1.69231,0
447,0.76923,0
448,0,0
449,5.30769,1.76923
450,0,0
451,0,0
452,0.076923,0
453,0,0.384615
454,0.846153,0
455,0,0.076923
456,0.307692,0
457,0.307692,0
458,0.923076,0
459,0.076923,0
460,0,0
461,0,0
462,0.076923,0.076923
463,0.076923,0
464,0.999999,0
465,0,0
466,0,0.076923
467,0.307692,0
468,0,0
469,0,0
470,0,0
471,5.84615,0.153846
472,0,0
473,0.153846,0.076923
474,0,0
475,0,0.153846
476,0,0
477,0.461538,0.076923
478,0,0.153846
479,0.692307,0
480,0.384615,0
481,1.69231,0
482,0.846153,0
483,8.76922,0.153846
484,0,0.153846
485,0.230769,0
486,0,0
487,0.076923,0.230769
488,0,0
489,0,0
490,0,0.230769
491,0,0.384615
492,0,0.153846
493,1.07692,0.076923
494,0.307692,0
495,0.230769,0
496,0.076923,0.076923
497,9.69231,3.76923
498,4.46153,4.23076
499,0,0
500,0.307692,0
501,0,0
502,0.076923,0.076923
503,0,0
504,0,0.153846
505,0,0
506,0,0
507,0,0
508,0,0
509,0.076923,0
510,0,0
511,0,0
512,0,0
513,0,0
514,0.230769,0
515,1.38461,0
516,0,0
517,0,0.076923
518,0,0
519,7.84615,0.230769
520,0,0.153846
521,0,0
522,0,0
523,0,0.153846
524,0.538461,0
525,0.153846,0
526,0,0
527,0,0.153846
528,0,0
529,0,0
530,0.538461,0
531,0,0
532,1.61538,0
533,0.076923,0
534,0,0.230769
535,0,0
536,0.153846,0
537,0,0
538,0.076923,0
539,0.076923,0
540,0.153846,0
541,0.153846,0
542,0,0.230769
543,1.76923,0.076923
544,1.69231,0.076923
545,0,0
546,0.076923,0
547,0,0
548,0,0.076923
549,0,0.230769
550,0,0
551,0.153846,0
552,0,0.153846
553,0,0
554,0,0
555,0,0
556,0,0.153846
557,0,0.153846
558,0.153846,0
559,0.153846,0
560,0,0
561,0,0
562,0,0
563,0.230769,1.53846
564,0.76923,0
565,2.23077,0.076923
566,0.076923,0
567,0.076923,0
568,0,0.076923
569,0,0.153846
570,0.307692,0
571,4.38461,2.76923
572,0.153846,0
573,0.384615,0
574,0,0
575,0,0
576,0,0
577,0.153846,0
578,0,0
579,0,0
580,0.153846,0
581,0,0
582,0,0
583,0,0
584,0,0
585,0.538461,0
586,0.307692,0
587,0,0
588,0,0
589,0.076923,0
590,0,0
591,0.153846,0
592,0,0
593,0.692307,0
594,0,0
595,0,0
596,0,0
597,0,0
598,0,0
599,0.153846,0
600,0,0
601,0.384615,0
602,0,0
603,0,0
604,0.384615,0
605,0,0
606,0.076923,0
607,0.076923,0
608,0,0
609,0.153846,0
610,0,0
611,0,0
612,0.461538,0
613,0,0
614,0.076923,0
615,0,0
616,0.076923,0
617,0.076923,0
618,0,0
619,0,0
620,0.076923,0
621,0,0
622,0.153846,0
623,0,0
624,0,0
625,0,0
626,0.461538,0
627,0.153846,0
628,0,0
629,0,0
630,0,0
631,0.153846,0
632,0.384615,0
633,0,0
634,0,0
635,0,0
636,0,0
637,0.384615,0
638,0.153846,0
639,0,0
640,0,0.076923
641,0.153846,0
642,0,0
643,0,0
644,0,0
645,0,0
646,0,0
647,0,0
648,0.076923,0
649,0,0
650,0,0
651,3.07692,0.076923
652,0,0
653,1.07692,0.076923
654,0.153846,0
655,0,0
656,0,0
657,0.076923,0
658,0,0
659,0.076923,0
660,0,0
661,0,0
662,0.076923,0
663,0.076923,0
664,0,0
665,0,0
666,0.153846,0
667,0,0
668,0,0
669,0,0
670,0,0
671,0.076923,0
672,0.153846,0
673,0,0
674,0.076923,0
675,0,0
676,0,0
677,0.076923,0
678,0,0
679,0.076923,0
680,0,0
681,0,0
682,0.307692,0
683,0,0
684,0,0
685,0,0
686,0,0
687,0,0
688,0.153846,0
689,0,0
690,0.076923,0
691,0,0
692,0.076923,0
693,0.153846,0
694,0,0
695,0,0
696,0,0
697,0,0
698,0.076923,0
699,0,0
700,0,0
701,0.307692,0
702,0,0
703,0.076923,0
704,0,0
705,0,0
706,0,0
707,0.230769,0
708,0,0
709,0,0
710,0,0
711,2.46154,0.307692
712,0,0
713,0,0
714,0,0
715,0,0
716,0,0
717,0,0
718,0,0
719,0,0
720,0,0
721,0,0
722,0,0
723,0,0
724,0,0
725,0,0
726,0.076923,0
727,0,0
728,0,0
729,0,0
730,0,0
731,0,0
732,0,0
733,0.153846,0
734,0.153846,0
735,0,0
736,0,0
737,0,0
738,0,0
739,0.307692,0
740,0,0
741,0.153846,0
742,0,0
743,0,0
744,0,0
745,0,0
746,0,0
747,0,0
748,0,0
749,0,0
750,0,0
751,0,0
752,0,0
753,0.076923,0
754,0,0
755,0,0
756,0.076923,0
757,0,0
758,0,0
759,0,0
760,0,0
761,0,0
762,0,0
763,0,0
764,0,0
765,0,0
766,0,0
767,0,0
768,0,0
769,0,0
770,0,0
771,0,0
772,0,0
773,0,0
774,0,0
775,0,0
776,0,0
777,0,0
778,0,0
Imbalance analysis (in edges contribution):
Vertex,PositiveSum,NegativeSum
0,0,0
1,0,0
2,0,0
3,0,0
4,0,0
5,0,0
6,0,0
7,0,0
8,0,0
9,0,0
10,0,0
11,0,0
12,0,0
13,0.384615,0
14,0.153846,0
15,0.076923,0
16,0,0
17,0,0
18,0,0
19,0,0
20,0,0
21,0,0
22,0,0
23,0,0
24,0.230769,0
25,0.230769,0
26,0,0
27,0,0
28,0,0
29,0,0
30,0.076923,0
31,0,0
32,0.076923,0
33,0,0
34,0.230769,0
35,0,0
36,0.538461,0
37,0,0
38,0,0
39,0,0.076923
40,0,0
41,0,0
42,0.076923,0
43,0,0
44,0,0
45,0,0
46,0,0
47,0.307692,0
48,0,0
49,0,0
50,0,0
51,0,0
52,0,0
53,0,0
54,0,0
55,0,0
56,0.230769,0
57,0.076923,0
58,0,0
59,0.153846,0
60,0.153846,0
61,0.076923,0
62,0.076923,0
63,0,0
64,0.230769,0
65,0,0
66,0,0
67,0.076923,0
68,0,0
69,0,0
70,0,0
71,0,0
72,0,0
73,0,0
74,0,0
75,0.307692,0.076923
76,0.076923,0
77,0,0
78,0.384615,0
79,0,0
80,0.076923,0
81,0.076923,0
82,0,0
83,0,0
84,0.153846,0
85,0.153846,0
86,0,0
87,0.076923,0
88,0.230769,0
89,0,0
90,0,0
91,0.076923,0
92,0.076923,0
93,0,0
94,0.153846,0
95,0,0
96,0.153846,0
97,0,0.076923
98,0.153846,0
99,0,0
100,0,0
101,0.153846,0.076923
102,0,0
103,0,0
104,0.538461,0
105,0,0.076923
106,0.230769,0
107,0,0
108,0,0
109,0.076923,0
110,0,0
111,0,0
112,0,0
113,0.076923,0
114,0.307692,0
115,0.307692,0
116,0,0
117,0,0
118,0.307692,0
119,0,0
120,0.153846,0
121,0,0
122,0.153846,0
123,0,0
124,0.153846,0
125,0,0
126,0.384615,0
127,0.076923,0
128,0.076923,0
129,0,0
130,0,0
131,0.230769,0
132,0.153846,0
133,0.230769,0
134,0,0
135,0.076923,0
136,0.076923,0
137,0.153846,0
138,0.153846,0
139,0.999999,0
140,1.15385,1.38461
141,0,0.076923
142,0,0
143,0,0
144,0,0
145,0,0
146,0,0
147,0.153846,0
148,0,0
149,0.307692,0
150,0,0.076923
151,0.153846,0.076923
152,0.076923,0
153,0,0
154,0.076923,0
155,0.230769,0
156,0.076923,0
157,0.076923,0.076923
158,0.153846,0
159,0,0.076923
160,0.076923,0
161,0.461538,0
162,0,0.076923
163,0,0
164,0.153846,0
165,0,0.076923
166,0.076923,0
167,0.076923,0.076923
168,0,0
169,0.923076,0.307692
170,0,0
171,0.230769,1.69231
172,0.076923,0
173,0.153846,0
174,0.076923,0
175,0,0
176,0.230769,0
177,0,0
178,0,0.076923
179,0,0
180,0.307692,0
181,0.076923,0.076923
182,0.153846,0.461538
183,0,0
184,0,0
185,0,0.076923
186,0.153846,0
187,0,0
188,0,0
189,0,0
190,0,0
191,0,0
192,0.153846,0
193,0,0
194,0,0
195,0,0
196,0.153846,0.076923
197,0,0
198,0,0
199,0.076923,0
200,0.153846,0.076923
201,0.153846,0
202,0.153846,0
203,0,0.230769
204,0.153846,0
205,0.307692,0
206,0,0
207,0,0
208,0.076923,0
209,0,0
210,0.461538,0.153846
211,0.153846,0.076923
212,0,0
213,0,0
214,0.153846,0
215,0.153846,0
216,0.076923,0
217,0.230769,0.307692
218,0.307692,0.153846
219,0,0
220,0,0
221,0,0
222,0.076923,0.076923
223,0.153846,0
224,0,0
225,0.076923,0
226,0.076923,0
227,0,0
228,0.230769,0.230769
229,0.384615,0.076923
230,0.846153,0
231,0.230769,0
232,0,0
233,0,0
234,0,0.076923
235,0.384615,0
236,0.153846,0
237,0,0
238,0.076923,0.076923
239,0.76923,0
240,0.230769,0.076923
241,0.153846,0.076923
242,0.153846,0
243,0,0
244,2.53846,1.30769
245,0,0.076923
246,0,0
247,0,0
248,0,0.076923
249,0.153846,0
250,0,0
251,0,0
252,0,0
253,0,0.307692
254,0.153846,0
255,0.230769,0
256,0.153846,0.076923
257,0,0.076923
258,0,0.076923
259,0,0.076923
260,0.153846,0.076923
261,0.076923,0.076923
262,0,0
263,0,0
264,0.307692,0
265,0,0.230769
266,0,0.076923
267,0,0
268,0,0
269,0.153846,0
270,0,0
271,0.230769,0
272,0,0.076923
273,0.076923,0.076923
274,0,0
275,0,0
276,0.153846,0.230769
277,0.076923,0
278,0,0.076923
279,0,0
280,0.230769,0.076923
281,0,0
282,0.076923,0.461538
283,0.153846,0.538461
284,0,0
285,0.153846,0.384615
286,5.15384,0.076923
287,0.076923,0.153846
288,0,0
289,0,0
290,0,0
291,0.076923,0
292,0,0
293,0,0
294,0,0
295,0.615384,0.692307
296,0.538461,0.076923
297,0,0
298,0.538461,0
299,0.076923,0
300,1.84615,0
301,0.076923,0
302,0,0
303,0,0
304,0.153846,0
305,0.076923,0
306,0,0
307,0,0
308,0.153846,0
309,0.307692,0.076923
310,0.538461,0.153846
311,0.153846,0
312,0.076923,0
313,0,0
314,0,0
315,0.384615,0
316,0,0.230769
317,0.153846,0
318,0.538461,0.076923
319,0,0
320,0,0.076923
321,0,0
322,0,0
323,0.153846,0
324,0,0
325,4.84615,0.076923
326,0,0
327,0,0.076923
328,0,0
329,0,0.153846
330,0,0
331,1.38461,0
332,0.153846,0
333,0,0
334,0.076923,0
335,0,0
336,0,0
337,0,0
338,0,0
339,0,0
340,0.153846,0.076923
341,0,0.076923
342,0.153846,0
343,0,0.076923
344,3.92308,2.30769
345,0,0
346,0,0
347,0,0
348,0.153846,0.307692
349,0.153846,0
350,0.153846,0.538461
351,2.07692,0
352,0,0
353,0.615384,0
354,0.230769,0
355,0,0
356,0,0
357,0.153846,0.076923
358,0.384615,0
359,0,0
360,0.076923,0
361,0.307692,0
362,0.384615,0
363,0.076923,0
364,0,0
365,4.92307,0
366,0.153846,0.307692
367,0.153846,0.230769
368,0.153846,0
369,5.23076,0
370,0,0.076923
371,0,0
372,0.153846,0
373,0.076923,0.153846
374,0.76923,0.230769
375,0.076923,0
376,0.076923,0
377,0,0
378,0,0
379,0.153846,0.076923
380,0,0.076923
381,0,0
382,0.153846,0
383,0.153846,0
384,0,0.076923
385,0,0
386,0.384615,0
387,0.153846,0
388,0,0
389,0.153846,0.076923
390,0,0.076923
391,0,0.076923
392,0.384615,0
393,0,0.461538
394,0.153846,0
395,0.076923,0.076923
396,0,0
397,0.076923,0.999999
398,0.153846,0.076923
399,0.153846,0
400,0.153846,0.076923
401,2.38461,0
402,0.076923,0.153846
403,0.153846,0
404,0,0
405,0.153846,0.307692
406,0,0
407,1.15385,0.076923
408,0,0
409,0,0.076923
410,0,0
411,0.076923,0.076923
412,0,0
413,0.846153,0.076923
414,0,0.076923
415,0,0.153846
416,3.92307,2.61538
417,0.153846,0
418,0,0
419,2.76923,0
420,0,0
421,0,0
422,0.153846,0
423,0,0
424,1.07692,0
425,0.076923,0
426,0.846153,0
427,0.153846,0
428,0,0.153846
429,0.153846,0
430,0,0
431,0,0
432,0.153846,0
433,0.384615,0
434,0,0
435,0.153846,0
436,0.153846,0
437,0.153846,0
438,1.30769,0
439,0,0.153846
440,0.153846,0
441,0.846153,0
442,0.076923,0.076923
443,0.384615,0
444,0,0
445,0.076923,0
446,0.999999,0
447,0.307692,0
448,0,0
449,4.6923,3.30769
450,0,0
451,0,0
452,0.153846,0.076923
453,0,0
454,0.461538,0
455,0,0.153846
456,0.153846,0
457,0.153846,0
458,0.461538,0
459,0.076923,0
460,0,0
461,0,0
462,0.076923,0.076923
463,0.153846,0.076923
464,0.615384,0
465,0,0
466,0,0
467,0.153846,0
468,0,0
469,0,0
470,0,0
471,9.23076,0.076923
472,0,0
473,0.076923,0
474,0,0
475,0,0
476,0,0
477,0.461538,0.076923
478,0.153846,0.153846
479,0.615384,0
480,0.384615,0.230769
481,1.07692,0
482,0.538461,0
483,16.0769,0.076923
484,0,0
485,0.230769,0
486,0,0
487,0.076923,0.153846
488,0,0
489,0,0
490,0,0.307692
491,0,0
492,0.230769,0.307692
493,1.38461,0.076923
494,0.76923,0.153846
495,0.153846,0
496,0.230769,0.692307
497,12.6154,7.99999
498,5.46153,8.61538
499,0.153846,0.076923
500,0.230769,0
501,0,0
502,0.230769,0
503,0.153846,0
504,0,0.307692
505,0,0
506,0.076923,0.538461
507,0,0
508,0,0
509,0.076923,0
510,0.307692,0.230769
511,0,0
512,0,0.307692
513,0,0
514,0.230769,0
515,5.92307,0
516,0.307692,0.076923
517,0,0.153846
518,0,0
519,19,0.076923
520,0.076923,0
521,0,0
522,0,0
523,0,0.307692
524,0.76923,0
525,0.307692,0
526,0,0.307692
527,0.076923,0
528,0,0
529,0.076923,0
530,0.76923,0
531,0,0
532,3.07692,0.076923
533,0.307692,0.076923
534,0,1.23077
535,0,0
536,0.307692,0
537,0,0
538,0.230769,0
539,0.153846,0.076923
540,0.999999,0
541,0.461538,0
542,0,0.76923
543,5.23076,0
544,6.84615,0
545,0,0
546,0.153846,0.076923
547,0,0.076923
548,0.076923,0.307692
549,0,0.461538
550,0,0
551,0.307692,0
552,0,0.230769
553,0,0
554,0,0
555,0,0
556,0.076923,0
557,0.153846,0.307692
558,0.307692,0
559,0.307692,0
560,0,0.153846
561,0,0
562,0.076923,0
563,1.23077,4.15384
564,1.61538,0.307692
565,4.07692,0.153846
566,0.538461,0
567,0.076923,0
568,0,0.307692
569,0.076923,0.307692
570,1.30769,0
571,10.6923,6.53845
572,0.307692,0
573,5.76923,0
574,0.307692,0.076923
575,0,0
576,0,0
577,0.307692,0
578,0,0
579,0,0
580,0.384615,0
581,0,0
582,0,0
583,0,0.076923
584,0.076923,0.307692
585,0.923076,0
586,0.999999,0.384615
587,0.076923,0.384615
588,0,0
589,0.384615,0.076923
590,0,0.153846
591,0.307692,0
592,0,0.692307
593,3,0.76923
594,0,0
595,0,0.230769
596,0.153846,0
597,0,0
598,0.076923,0.76923
599,0.307692,0
600,0.076923,0.076923
601,1.23077,0.076923
602,0.076923,0.384615
603,0,0
604,1.15385,0.076923
605,0,0
606,0,0.230769
607,0.153846,0.076923
608,0,0.230769
609,0.230769,0
610,0,0
611,0,0.076923
612,1.23077,0
613,0,0.076923
614,0.307692,0.153846
615,0,0.384615
616,0.153846,0.076923
617,0,0.230769
618,0,0
619,0,0
620,0.384615,0.076923
621,0,0
622,0.384615,0
623,0,0
624,0.076923,0.307692
625,0.076923,0
626,0.923076,0
627,0.538461,0
628,0,0
629,0,0.461538
630,0.076923,0.307692
631,0.307692,0
632,0.923076,0.076923
633,0,0
634,0,0.230769
635,0.230769,0.230769
636,0,0.538461
637,0.538461,0
638,0.230769,0
639,0,0.076923
640,0,0.307692
641,0.230769,0
642,0,0
643,0,0
644,0,1.23077
645,0.076923,0.923076
646,0,0
647,0,0
648,4.38461,0
649,0,0
650,0.076923,0.153846
651,22.5384,0
652,0,0
653,11.3846,0
654,0.461538,0
655,0,0.307692
656,0,0.076923
657,0.384615,0
658,0,0
659,0.461538,0
660,0,0
661,0,0
662,0.76923,0.307692
663,0.153846,0.076923
664,0,0.153846
665,0,0
666,0.384615,0.153846
667,0,0
668,0,0
669,0.153846,0
670,0.076923,0
671,0.384615,0
672,0.307692,0.076923
673,0,0
674,0,0
675,0,0
676,0,0.384615
677,0.076923,0.230769
678,0,0
679,0.384615,0
680,0,0.076923
681,0,0.384615
682,1.46154,0
683,0,0.230769
684,0,0.230769
685,0,0.153846
686,0,0.076923
687,0.153846,0
688,0.230769,0.230769
689,0,0
690,0.384615,0
691,0,0
692,1.46154,0
693,0.461538,0.076923
694,0,0
695,0,0.230769
696,0.076923,0.153846
697,0,0.230769
698,0.384615,0
699,0,0
700,0,0
701,5.46153,0
702,0,1.15385
703,0.384615,0
704,0.307692,0.692307
705,0,0.153846
706,0,0
707,1.46154,0
708,0,0
709,0,0.076923
710,0,0
711,28.2307,0.230769
712,0,0.076923
713,1.30769,0.076923
714,0.076923,0.153846
715,0,0.384615
716,0,0
717,0,0
718,0,0.384615
719,0.76923,0.230769
720,0,0
721,0,0.076923
722,0,0
723,0.538461,0
724,0.230769,0.076923
725,0.461538,0
726,1.46154,0
727,0,0
728,0,0
729,0.461538,0
730,0,0
731,0.538461,0
732,0.076923,0
733,1.30769,0
734,2.30769,0
735,0,0.153846
736,0.538461,0
737,0.461538,0
738,1.38461,0
739,2.6923,0.076923
740,0.461538,0
741,9.07691,0
742,0,0.230769
743,0,0
744,0,0
745,0.538461,0
746,0.076923,0
747,0,0
748,0.615384,0.076923
749,0,1.53846
750,4,0
751,0,0
752,0,0
753,1.15385,0.076923
754,0.076923,0.153846
755,0.230769,0.076923
756,7.84615,0
757,0.307692,0.230769
758,0,0
759,0,0.538461
760,3,0
761,0.153846,0.076923
762,0,0.076923
763,0,0
764,0.461538,0
765,0,0
766,0,0.230769
767,1.38461,0
768,0,0.538461
769,0,0.307692
770,0,0.615384
771,0,0
772,0,0
773,0,0.461538
774,0,0
775,0.076923,0.153846
776,0,0
777,0,0.461538
778,0,0

Cluster contribution to imbalance analysis (cluster-cluster matrix):
86.3845, 203.538, 
159.692, 2.76923, 

