Global time spent: 200.683
I(P) = 1040.02
Clustering configuration: 
 Partition 0 (741): [ 0 1 2 3 4 5 6 7 8 9 10 11 12 13 14 15 16 17 18 19 20 21 22 23 24 25 26 27 28 29 30 31 32 33 34 35 37 38 40 41 42 43 44 45 46 47 48 49 50 51 52 53 54 55 56 57 58 59 60 61 62 63 64 65 66 67 68 69 71 72 73 74 75 76 77 78 79 80 81 82 83 84 85 86 87 88 89 90 91 92 93 94 95 96 97 98 100 101 102 103 104 105 106 107 108 109 110 111 112 113 115 116 117 118 119 120 121 122 123 124 125 126 127 128 129 130 131 132 133 134 135 136 137 138 139 140 141 142 143 144 145 146 147 148 149 150 151 152 153 154 155 156 157 158 159 161 162 163 164 165 166 167 168 169 170 171 172 173 174 175 176 177 178 179 180 181 182 183 184 185 186 187 188 189 190 191 192 193 194 195 196 197 198 199 200 201 202 203 204 205 206 207 208 209 210 211 212 213 214 215 216 217 218 219 220 221 222 223 224 225 226 228 229 230 231 232 233 234 235 236 237 238 239 240 241 242 244 246 247 248 249 250 251 252 253 254 255 256 257 258 260 261 262 263 264 265 266 267 268 269 270 271 272 273 274 275 276 277 278 279 280 281 282 283 284 285 286 288 289 290 291 292 293 294 295 296 297 298 299 300 301 302 303 304 305 306 307 308 309 310 311 312 313 314 315 316 318 319 320 321 322 323 324 325 326 327 328 329 330 331 332 333 334 335 336 338 340 341 342 343 344 345 346 347 348 349 350 351 352 353 354 356 357 358 359 360 363 364 365 366 367 368 369 370 371 372 373 374 375 376 377 378 379 380 381 382 383 384 385 386 387 388 389 390 391 392 393 394 395 396 397 398 399 400 401 402 403 404 405 406 407 408 409 410 411 413 414 415 416 417 418 419 420 421 422 423 424 425 426 428 429 430 431 432 433 434 436 437 438 439 440 441 442 443 444 445 446 447 448 449 450 451 452 453 454 455 456 458 459 460 461 462 463 464 466 467 468 469 470 471 472 473 475 476 477 478 479 480 481 482 483 484 485 486 487 488 489 490 491 492 493 494 495 496 498 499 500 501 502 503 504 505 506 507 508 509 510 511 512 513 514 515 516 517 518 520 523 524 525 526 527 528 529 530 531 532 533 534 535 536 537 538 539 540 541 542 543 544 545 546 547 550 552 553 554 555 556 557 558 559 560 561 562 563 564 565 566 567 568 569 570 571 572 573 575 576 577 578 579 580 581 582 583 584 585 586 587 588 589 590 591 592 593 594 595 596 597 598 599 600 601 602 603 604 605 606 607 608 609 610 611 612 613 614 615 616 617 618 619 620 621 622 623 624 625 627 628 629 630 631 632 633 634 635 636 637 638 639 640 641 642 643 644 645 646 647 648 649 650 651 652 653 654 655 656 657 658 659 660 661 662 663 664 665 666 667 668 669 670 671 672 673 674 675 676 677 678 679 680 681 682 683 684 685 686 687 688 689 690 691 692 694 695 696 697 698 699 700 701 702 703 704 705 706 707 708 709 710 711 712 713 714 715 716 717 718 719 720 722 723 724 725 726 727 729 730 731 732 733 734 735 736 737 738 739 740 741 742 743 744 745 746 747 748 749 750 751 752 753 754 755 756 757 758 759 760 761 762 763 764 765 766 767 768 769 770 771 772 773 774 775 ] 
 Partition 1 (33): [ 36 39 70 99 114 160 227 243 245 287 317 337 339 355 361 362 412 427 457 465 474 497 519 521 522 548 549 551 574 626 693 721 728 ] 
 Partition 2 (2): [ 259 435 ] 

Imbalance analysis (out edges contribution):
Vertex,PositiveSum,NegativeSum
0,0.627908,0
1,0.186047,0.976746
2,0.813953,0
3,0.046512,3.93024
4,0.162791,0.023256
5,0.88372,0.023256
6,0.046512,0.023256
7,0.046512,1.55814
8,0.581396,0.046512
9,0.186047,2.69767
10,0.093023,0.11628
11,0.069767,1.39535
12,0.209303,0.837211
13,4.81395,6.62791
14,0.11628,0.51163
15,0.534884,0
16,0.720932,0.023256
17,0,0.139536
18,0,0.348838
19,0.116279,0.069767
20,0,0.674419
21,0,0.767444
22,0.069768,0.534883
23,0.093023,2.25581
24,7.09302,10.3256
25,0.069767,0.860468
26,0.11628,0.906979
27,5.2093,0.372096
28,0.209303,0.232558
29,5.06977,7.25582
30,1.06977,0
31,0,0.511629
32,1.06977,0
33,0,1.27907
34,0.883721,0
35,0.27907,0.046512
36,6.13954,0.255814
37,0,1.09302
38,0,0.069768
39,23.5349,0
40,0.069768,0.767444
41,0.046512,0.488373
42,0,0.581397
43,0.790699,0.093024
44,0.023256,2.02325
45,0.651165,0
46,0,2.72093
47,0.465116,0.465118
48,0.558139,0.209303
49,0.093023,0.348838
50,0,0.209303
51,0,0.511629
52,0.093024,0.116279
53,0,0.581397
54,0,0.093024
55,0.023256,0.069767
56,0.023256,3.32558
57,0,0.093023
58,0.046512,0
59,0,0
60,0.046512,0.558141
61,0.116279,1.30233
62,0.627907,0
63,0.139535,0.046512
64,0.11628,0.441861
65,0.209303,0.069767
66,0.069767,1.51163
67,0.093024,0.27907
68,0.046512,3.2093
69,0.069768,1.27907
70,22.7442,0.162791
71,0.046512,1.51163
72,0.116279,0.488372
73,0.697676,0.255816
74,5,0.51163
75,0.093023,0.27907
76,0.069768,0
77,0,0.11628
78,4.69767,0.51163
79,4.55814,0.465119
80,0.325582,0.209302
81,0,1.60465
82,0.162791,0.046512
83,0.023256,0.046512
84,0.209302,0.930235
85,0.093024,0.046512
86,0.023256,0.720931
87,0.093023,0.534885
88,0,0.302326
89,0.186046,0.139535
90,0.139535,0.232558
91,0.209303,0.418605
92,0.162791,0.046512
93,0.093024,0.069768
94,0.488372,0.162791
95,0.069768,0.023256
96,0.139535,1.16279
97,0.023256,0.906975
98,0.069768,0.046512
99,3.09303,0.162792
100,0.046512,0.604653
101,0.418604,0
102,5.4186,0.534884
103,0.488373,0
104,0.069768,0.27907
105,0.046512,0.139536
106,0.023256,0
107,0.116279,0.906978
108,0.209303,0
109,0,0.837209
110,4.51163,0.465118
111,0.069768,0.023256
112,0.046512,0.093023
113,0.023256,0.348839
114,10.9302,0
115,0,0.046512
116,0.046512,3.2093
117,0,0.39535
118,0.046512,1
119,0,0.046512
120,0.325581,0.11628
121,4.37209,1.48838
122,0,0.813955
123,0,2.67442
124,0.186046,0.046512
125,0.093024,0.55814
126,4.86046,0.790698
127,2.83721,0.209304
128,0.093024,0
129,0.186047,0.11628
130,0.162791,4.74419
131,0.069768,0.023256
132,0.093023,1.7907
133,0.069768,0.046512
134,1.51163,0.023256
135,5.27907,6.60466
136,4.86047,26.9535
137,0.441861,0.093023
138,0.093023,0.232559
139,0.046512,0.860465
140,0.069768,1.37209
141,0.186047,0.279072
142,0.046512,0.534885
143,0.023256,0
144,0.046512,0.558142
145,0.279071,0.23256
146,0.186046,0.627909
147,0.511628,0
148,0.581395,0
149,0.023256,0.069767
150,2.69767,4.3721
151,0.023256,0.232558
152,3.83721,0.441861
153,0.023256,1.4186
154,0.093024,0.023256
155,0.139536,0.302327
156,0.232558,0.116279
157,0.186047,6.76744
158,0.465116,1.65117
159,0.116279,0.023256
160,10.4651,0.069768
161,0.23256,0
162,0.116279,1.4186
163,1.74419,0.744186
164,0.046512,0.860465
165,2.11628,7.81396
166,0.255813,0
167,0.023256,0.372093
168,0.093024,0
169,0.093023,0.27907
170,0,1.7907
171,0.116279,1.18605
172,0.139535,0.627907
173,0.16279,0.046512
174,0.069768,0.023256
175,0.046512,0.67442
176,0.093023,3.86046
177,0,0.069767
178,0.186047,0
179,0,0.651164
180,0.046512,0.255814
181,0.046512,0.860465
182,0.093023,0.627908
183,0.186046,0.023256
184,0.023256,0
185,0.209303,0.906976
186,0.046512,0.860465
187,0,0.627908
188,4.67442,0.465117
189,0.069768,0.348837
190,0.023256,1.04651
191,0.069768,0.116279
192,1.48837,0.023256
193,0.232559,0
194,0.023256,0.11628
195,0.046512,1.39535
196,0.093024,0.023256
197,0.44186,0.046512
198,0,0.255813
199,0.093023,0.837211
200,0.279071,0.023256
201,0,0.372096
202,3.16279,1
203,4.74418,0.372095
204,0.465116,0
205,0.023256,2.3721
206,0.465117,0
207,0.046512,0.023256
208,0.069768,0
209,0.627908,0.046512
210,0.162791,0.162791
211,0.046512,0.813954
212,0,0.279069
213,1.58139,0.744189
214,0.232557,0.046512
215,0.046512,0.069768
216,5.09302,1.13954
217,1.06977,0.023256
218,0.069767,1.51163
219,0.023256,0.046512
220,0.372093,0.046512
221,2.76744,0.23256
222,0,0.093024
223,0.209303,0.046512
224,0.093023,0.813954
225,0.046512,0.767444
226,2.46512,0.325581
227,3.02326,0.279069
228,3.2093,0.11628
229,4.25582,0.767445
230,0.488373,0
231,0.093023,0.093023
232,6.7907,22.3953
233,0.093024,0.581396
234,0.162791,0.023256
235,0.116279,2.27907
236,0,0.069768
237,0.139534,0.046512
238,0.046512,0.744186
239,0.069768,0.674421
240,0.186046,0.162792
241,0.069768,0.11628
242,0.069768,0
243,7.06976,0
244,4.11628,0.465117
245,3.34884,0
246,0,0.511627
247,0.023256,1.16279
248,2.23256,0.488373
249,0.046512,0.023256
250,2.74419,0.348838
251,0.139535,4.55814
252,0.046512,0.023256
253,0.093023,3.7442
254,0.232558,0.046512
255,0.139535,0.651165
256,0,0.255816
257,0.372093,0
258,0.116279,0.162792
259,0.720936,0
260,0,0.093023
261,0,1.83721
262,0,0.046512
263,0.046512,0.465119
264,3.81395,0.302326
265,0.186046,0.023256
266,0.023256,0.069768
267,0.534884,0.186047
268,4.5814,5.55815
269,0.604653,0.023256
270,0,2.53489
271,3.51163,0.325583
272,0.046512,0.720931
273,4.09303,0.162792
274,6.39535,12.0233
275,0.023256,0.418605
276,0.069767,0.488375
277,0.046512,0.651163
278,0.209302,0.186047
279,0,0.27907
280,0.046512,0.767442
281,0.023256,0.465117
282,0.046512,1.4186
283,4.06977,0.395351
284,0.069767,0.558142
285,0.023256,0.046512
286,0.302327,0
287,21.2791,0
288,3.86047,0.209303
289,0.046512,0.395351
290,0.023256,0.51163
291,0.093024,0.023256
292,0.139534,0.023256
293,0.046512,0.069768
294,0.046512,0.651163
295,0.418605,0
296,3.86047,0.883724
297,2.37209,0.11628
298,0.465116,0.069768
299,0.023256,0.023256
300,0,1.2093
301,0.069768,0.255814
302,0.395349,0.046512
303,0.023256,0.023256
304,0,0.116279
305,0,0.162791
306,0.046512,1.37209
307,0.279071,0.023256
308,0.302325,0.093024
309,0.162792,0
310,0,0.511627
311,6.13954,10.9302
312,0.046512,0.581396
313,0.348837,0
314,0,0.186047
315,0.046512,0.627908
316,0.046512,1.34884
317,12.9535,0
318,0.023256,1.44186
319,0.325583,0.046512
320,0.325582,4.09303
321,0.046512,2.5814
322,0.046512,0.372095
323,0.069768,0.139535
324,0,0.44186
325,0.069768,0.069768
326,3.95349,0.255815
327,0.046512,1.09302
328,0,0.046512
329,0.023256,0.116279
330,3,0.023256
331,0.069768,0.186047
332,0.023256,0.209303
333,0.581394,0
334,2.97674,2.11628
335,0.581396,0
336,0,0.162791
337,12.4419,0.023256
338,0,0.093024
339,1.02326,0.279072
340,2.55814,0.51163
341,0.534884,0.139536
342,0.046512,0.767442
343,3.69767,0.255815
344,0.44186,0.069768
345,0.069767,0.581396
346,0.023256,0
347,0.046512,0.023256
348,0.348838,0
349,0.139534,0.139535
350,0.046512,0.046512
351,2.72093,0.348838
352,3.48837,0.209304
353,0.139535,0.162791
354,0,0.023256
355,19.8605,0
356,0.069767,0.093023
357,0.139536,0.255815
358,0.11628,0.023256
359,0.046512,0.930234
360,0.186047,0.023256
361,10.1861,0.046512
362,11.8605,0
363,0,0.302327
364,0.046512,0.395349
365,3.13953,1.13954
366,0.093023,0.511629
367,0.581396,0.023256
368,0.209302,0
369,0.069767,0
370,0.23256,0
371,0.093023,0.651163
372,0.069767,0.162791
373,0.023256,0
374,0.046512,0.139536
375,2.55814,0.11628
376,0,1.62791
377,0.27907,0.023256
378,0.139535,0
379,0.162791,1.7907
380,0.046512,0.046512
381,0.11628,0.023256
382,0.046512,0.581396
383,1.34884,0.302328
384,2.37209,0.093024
385,0.511629,0
386,0.441861,0.093024
387,2.62791,1.7907
388,0.069768,0.186046
389,0.116279,0.023256
390,0.023256,1.69767
391,2.97674,0.232559
392,0,0.046512
393,0.162791,0.046512
394,0.069767,0.046512
395,0.023256,0.790699
396,0,0.55814
397,0.069768,0.046512
398,0.093024,0.976745
399,0.186047,1.44186
400,0,0.674417
401,0,0.651163
402,1.44186,1.41861
403,0.023256,0.093023
404,0,0.441862
405,4.86046,19.8372
406,0.023256,0.11628
407,0.023256,0.558141
408,0.069767,0.209303
409,0.27907,0.72093
410,0,0.627907
411,0.023256,0
412,12.1163,0.046512
413,0.302325,0.27907
414,0.046512,1.02325
415,0.093024,0.046512
416,0,0
417,0,0.023256
418,0.093023,0.023256
419,0.046512,0.209303
420,0.046512,0.046512
421,0.209302,0.046512
422,0,0
423,0.162791,0
424,1.93023,0.209304
425,0.023256,0.232558
426,0.11628,0.023256
427,9.90698,0.093024
428,0.465116,0.023256
429,0,0.023256
430,0,0.023256
431,0.023256,0.023256
432,0.069768,0.023256
433,0.139535,1.27907
434,0.023256,0
435,9.88373,0
436,0,0.069768
437,0,1.67442
438,2.72093,0.162792
439,0,0.837209
440,1.23256,0.209304
441,0,0.162791
442,0.093024,0
443,0.162791,0
444,0.186046,0
445,0,0.093023
446,0,0.488373
447,0.023256,0.069767
448,0.697674,0.046512
449,1.41861,0.023256
450,0.046512,0
451,0,0.11628
452,0,0.418605
453,0.069768,0.046512
454,0,0.488373
455,0,0.046512
456,0,0.744185
457,19.6512,0
458,0,0
459,0.093024,0.023256
460,0,0.279071
461,0,0.348839
462,0,0.395351
463,1.7907,3.5814
464,0.116279,0.883721
465,1.41861,0.023256
466,0.930232,0.11628
467,0.139535,0.069767
468,2.95349,2.53489
469,0,0.093023
470,0.511629,0
471,0,0.046512
472,0,0.837208
473,0.023256,0.441861
474,8.48837,0
475,0,1.09302
476,2,0.488373
477,1.83721,0.558141
478,0.023256,0.209304
479,0,0
480,2.18605,7.04651
481,0.116279,0.023256
482,0,0.023256
483,0.465116,0.093024
484,0.069768,0.023256
485,0.023256,0.023256
486,0,0.046512
487,1.60465,0.255814
488,0.023256,0.860466
489,0.046512,0.418604
490,0.186047,0.046512
491,1.30233,0.232559
492,0,0.162792
493,0,0.372094
494,0,0.27907
495,0.046512,0
496,2.5814,6.83721
497,0.255815,0.046512
498,0,0.697675
499,0,0.023256
500,1.81395,0.488373
501,0.069768,0.046512
502,0.046512,0.023256
503,0,0.627909
504,0,0.093024
505,0.27907,0.046512
506,0.27907,0
507,0.116279,0.441862
508,0.046512,0.023256
509,0,0.139536
510,0,0.60465
511,0.046512,0.046512
512,0.209303,0
513,0.139535,0.023256
514,0,0.139536
515,0,0.023256
516,0,0.023256
517,0,0.046512
518,0,0.069767
519,6.72093,0
520,2,0.534884
521,0.093023,0
522,1.11628,0
523,0.093024,0.046512
524,2.62791,5.69767
525,0.023256,0.046512
526,1.58139,0.441862
527,0,0
528,0,1.11628
529,0,0.418605
530,0.302326,0.023256
531,0.209302,0.046512
532,0,0.046512
533,0.093023,0.488372
534,0.023256,0
535,0,0.906976
536,0,0.046512
537,0.046512,0.023256
538,0.325582,0
539,0,0.116279
540,0.674419,0.186048
541,0,0.162792
542,0,0.418604
543,0,0
544,0,0.16279
545,0.139535,0.046512
546,0,0
547,0.139535,0.093023
548,3,0.023256
549,9.18605,0
550,0,0.069767
551,13.2093,0
552,0.488372,0.186048
553,0,0
554,0,0.302326
555,0.069767,0.069767
556,0,0.11628
557,0,0
558,0.093023,0.046512
559,0,0.232559
560,0,0.046512
561,0,0.348838
562,0,0.069767
563,0.069767,0.046512
564,0,1.69768
565,0.046512,0.046512
566,0,0.186047
567,0,0.139536
568,0,0.418604
569,0,0.069768
570,0,1.48837
571,0.441861,0.255815
572,0,0.069767
573,0,0.093023
574,0.186047,0
575,0,0
576,0.953488,0.186046
577,0,0.046512
578,0,0.11628
579,0,0.093024
580,0.232558,0.046512
581,0,0.11628
582,0,0.209302
583,0,0.046512
584,0.906977,0.139535
585,0,0.395349
586,0,0.162792
587,0,0.023256
588,0,0
589,0.046512,0
590,0,0.11628
591,0,0.139534
592,0,0.046512
593,0.627908,0.093024
594,0,0.069768
595,0,0
596,0,0.162791
597,0.604651,0.325583
598,0,0.023256
599,0,0.046512
600,0,0
601,0,0
602,0,0.395349
603,0.046512,0.023256
604,0.046512,0
605,0,0.186048
606,0.069767,0
607,0.046512,0
608,0.069768,0
609,0.023256,0.046512
610,0,0.116279
611,0,0.348838
612,0,0.069767
613,0.023256,0.069767
614,0,0.511627
615,0,0.325582
616,0.627907,0.279071
617,0,0
618,0,0.139536
619,0,0
620,0.930233,0.488374
621,0,0.046512
622,0,0.069768
623,1.23256,1.86047
624,0.046512,0.16279
625,0.023256,0.023256
626,11.2093,0
627,0,0
628,0.651163,0.976747
629,0,0
630,0,0
631,0,0.186048
632,0,0.069767
633,0,0
634,0,0.139536
635,0.046512,0.046512
636,0,0.139536
637,0.372093,0.186047
638,0,0.046512
639,0,0.139535
640,0.372093,0.186046
641,0,0
642,0,0.023256
643,0.069767,0
644,0,0.093024
645,0,0.069767
646,0.046512,0
647,0.023256,0.069768
648,0,0.023256
649,0.023256,0
650,0,0.046512
651,0,0.069768
652,0.069767,0.023256
653,0,0.139535
654,0,0.046512
655,0,0.48837
656,0,0.11628
657,0.162791,0.046512
658,0.023256,0
659,0,0.27907
660,0,0
661,0.046512,0.023256
662,0.023256,0
663,0,0.046512
664,0.023256,0
665,0,0.162791
666,0.325581,0.16279
667,0,0.046512
668,0,0.046512
669,0.023256,0.023256
670,0,0.232559
671,0,0.093023
672,0,0.60465
673,0,0.046512
674,0.465117,1.55814
675,0.023256,0
676,0.023256,0.023256
677,0.372093,0.232558
678,0.418604,0.139535
679,0.023256,0
680,0,0
681,0,0.093024
682,0,0.023256
683,0,0
684,0.581395,0.813954
685,0,0.093024
686,0,0.186048
687,0.023256,0.023256
688,0,0.046512
689,0,0.116279
690,0,0.279069
691,0,0
692,0,0.488372
693,0,0
694,0,0.093024
695,0,0.046512
696,0.302325,0.069768
697,0,0.046512
698,0.093023,0
699,0,0
700,0.046512,0
701,0.116279,0.162791
702,0,0
703,0.046512,0
704,0,0.348837
705,0.023256,0.046512
706,0,0.023256
707,0,0.046512
708,0,0.046512
709,0,0.139535
710,0,0.069768
711,0.023256,0.046512
712,0.023256,0.046512
713,0.44186,0.302326
714,0,0.11628
715,0,0.023256
716,0,0
717,0,0.023256
718,0,0.046512
719,0,0.11628
720,0.348837,0.209303
721,1.20931,0.023256
722,0.44186,0.674419
723,0,0
724,0,0
725,0,0.116279
726,0,0.023256
727,0.325581,0.093023
728,1.69767,0
729,0,0.093023
730,0,0.069768
731,0,0
732,0,0.046512
733,0,0.11628
734,0,0.11628
735,0,0.023256
736,0,0.046512
737,0,0.046512
738,0,0.697674
739,0,0.023256
740,0,0
741,0,0.604651
742,0,0
743,0,0
744,0,0.232558
745,0,0
746,0,0
747,0,0
748,0,0
749,0,0.069768
750,0,0
751,0,0.023256
752,0,0.023256
753,0,0
754,0,0
755,0,0.046512
756,0,0.023256
757,0,0.046512
758,0,0
759,0,0
760,0,0
761,0,0.046512
762,0,0
763,0,0
764,0,0
765,0,0
766,0,0.139535
767,0,0.093024
768,0,0
769,0,0
770,0,0
771,0,0
772,0,0
773,0,0
774,0,0
775,0,0
Imbalance analysis (in edges contribution):
Vertex,PositiveSum,NegativeSum
0,0,0
1,0,0
2,0,0
3,0,0
4,0,0
5,0,0
6,0,0
7,0,0
8,0,0
9,0,0
10,0,0
11,0,0
12,0,0
13,0,0.255813
14,0,0
15,0,0
16,0,0
17,0,0
18,0,0
19,0,0
20,0,0
21,0,0.069767
22,0,0
23,0,0.093023
24,0,0.441861
25,0,0
26,0,0.023256
27,0,0
28,0,0
29,0,0.348839
30,0,0
31,0,0
32,0,0
33,0,0.139535
34,0,0
35,0,0
36,0.209303,0
37,0,0.023256
38,0,0
39,1.32558,0
40,0,0.023256
41,0,0
42,0,0.023256
43,0.093024,0
44,0,0.093023
45,0,0
46,0,0.302325
47,0,0
48,0,0.023256
49,0,0.023256
50,0,0
51,0,0
52,0,0
53,0,0
54,0.023256,0
55,0,0
56,0,0.395349
57,0,0
58,0.046512,0
59,0,0
60,0,0
61,0,0.116279
62,0.116279,0
63,0.023256,0
64,0,0
65,0.093023,0
66,0,0.046512
67,0,0
68,0,0.395349
69,0,0.046512
70,2.11628,0.046512
71,0,0.069767
72,0,0
73,0.139535,0.046512
74,0.27907,0
75,0.023256,0
76,0,0
77,0,0
78,0.255814,0.023256
79,0.186046,0
80,0.069767,0
81,0,0.186046
82,0.023256,0
83,0.093023,0
84,0.046512,0
85,0,0
86,0,0
87,0.046512,0
88,0,0
89,0,0
90,0.046512,0
91,0,0.046512
92,0.069768,0
93,0.046512,0
94,0.023256,0
95,0.046512,0
96,0.023256,0.046512
97,0,0.093024
98,0.023256,0
99,0.209302,0
100,0,0
101,0,0
102,0.27907,0
103,0.162791,0
104,0,0
105,0,0
106,0.023256,0
107,0.023256,0
108,0.209303,0
109,0,0.023256
110,0.186047,0
111,0.023256,0
112,0,0
113,0,0
114,1.37209,0
115,0,0
116,0,0.395349
117,0,0
118,0,0.023256
119,0,0
120,0.116279,0
121,0.418604,0.116279
122,0,0.046512
123,0,0.302325
124,0.046512,0
125,0.186046,0
126,0.488373,0
127,0.511628,0
128,0,0
129,0,0
130,0,0.44186
131,0,0
132,0,0.069768
133,0.16279,0
134,0.255815,0
135,0.627907,1.53489
136,0.418605,6.60465
137,0.093023,0
138,0,0.093023
139,0,0.162791
140,0,0.302326
141,0.16279,0
142,0,0.116279
143,0,0
144,0,0.116279
145,0.27907,0.023256
146,0.046512,0.023256
147,0.069768,0
148,0.302326,0
149,0,0
150,0.441861,0.883721
151,0,0.093023
152,0.348838,0.116279
153,0,0.441861
154,0.069767,0
155,0.023256,0.116279
156,0.093023,0
157,0,1.46512
158,0.139534,0.441861
159,0.023256,0
160,1.97674,0
161,0.023256,0
162,0,0.27907
163,0.418605,0.069768
164,0,0.162791
165,0.674419,2.48837
166,0.16279,0
167,0,0.046512
168,0.023256,0
169,0,0.116279
170,0,0.372093
171,0,0.302326
172,0.023256,0.162791
173,0,0
174,0,0
175,0.046512,0.162791
176,0,1.04651
177,0,0
178,0.023256,0
179,0,0.116279
180,0.023256,0.116279
181,0,0.162791
182,0,0.116279
183,0.093023,0.023256
184,0.023256,0
185,0.023256,0.27907
186,0,0.162791
187,0,0.093023
188,0.465116,0.209303
189,0.023256,0.093023
190,0,0.302325
191,0.023256,0
192,0.139535,0
193,0.023256,0
194,0,0
195,0,0.488371
196,0.046512,0
197,0.162791,0.023256
198,0,0.116279
199,0,0.209302
200,0.16279,0
201,0.069767,0.186047
202,0.67442,0.232559
203,0.534884,0.139535
204,0.139535,0.046512
205,0,0.744188
206,0.209302,0
207,0,0
208,0,0
209,0,0
210,0.046512,0.093023
211,0,0.069768
212,0,0.046512
213,0.27907,0.11628
214,0,0
215,0,0
216,0.674419,0.604653
217,0.069768,0
218,0,0.302326
219,0,0.023256
220,0.162791,0
221,0.534884,0
222,0,0.023256
223,0.139535,0
224,0.023256,0.348838
225,0,0.209303
226,0.55814,0
227,1.02326,0.069767
228,0.372093,0.023256
229,0.511629,0.27907
230,0.069768,0
231,0,0.093023
232,0.860466,11.1163
233,0,0.372093
234,0.046512,0
235,0,1.06977
236,0,0.023256
237,0,0
238,0,0.27907
239,0,0.395349
240,0.069767,0.16279
241,0,0.046512
242,0,0
243,2.60465,0
244,0.55814,0.186046
245,1.30233,0
246,0,0.209303
247,0,0.465116
248,0.581395,0
249,0.023256,0
250,0.441861,0
251,0,1.65116
252,0,0
253,0.116279,1.5814
254,0.16279,0
255,0,0.186047
256,0,0.209303
257,0.069768,0
258,0.023256,0.186046
259,0.441864,0
260,0.046512,0
261,0,0.697674
262,0,0
263,0.023256,0.186046
264,0.558139,0.232559
265,0,0
266,0,0.11628
267,0.139535,0.209302
268,1.23256,3.30233
269,0.186047,0
270,0,0.860467
271,0.511628,0.046512
272,0,0.302326
273,0.604651,0.186047
274,1.09302,7.48837
275,0.023256,0.069768
276,0,0.27907
277,0,0.372093
278,0.069767,0.186046
279,0,0.186046
280,0,0.55814
281,0,0.27907
282,0,1.09302
283,0.627907,0.209303
284,0,0.302326
285,0.046512,0
286,0.232559,0
287,11.5116,0
288,1,0.069768
289,0,0.39535
290,0,0.255814
291,0,0
292,0,0.023256
293,0.023256,0.046512
294,0,0.372093
295,0.069767,0
296,1.06977,0.72093
297,0.51163,0.046512
298,0.209302,0
299,0.069767,0
300,0,0.534884
301,0.023256,0.186046
302,0.139535,0
303,0,0
304,0,0.046512
305,0,0.093024
306,0,0.88372
307,0.023256,0.023256
308,0.162791,0.023256
309,0.069768,0
310,0,0.348837
311,1.74419,8.44186
312,0,0.44186
313,0.139535,0.046512
314,0,0.116279
315,0,0.418606
316,0.046512,1.30233
317,8,0
318,0,1.23256
319,0.186047,0
320,0.023256,2.25582
321,0,1.86047
322,0,0.302326
323,0.023256,0.139535
324,0,0.39535
325,0.069767,0
326,1.32558,0.255815
327,0,0.999999
328,0,0.023256
329,0,0.046512
330,0.930234,0
331,0.023256,0.116279
332,0.046512,0.209302
333,0.348837,0
334,1.11628,2.18605
335,0.046512,0
336,0,0.069768
337,8.81395,0
338,0,0
339,0.744189,0.069768
340,1.16279,0.604653
341,0.139535,0.093023
342,0,0.581396
343,1.5814,0.255815
344,0.27907,0
345,0,0.488372
346,0.023256,0
347,0.023256,0
348,0.023256,0
349,0.023256,0.162791
350,0.046512,0.046512
351,1.2093,0.069767
352,1.51163,0.186048
353,0.046512,0.116279
354,0,0
355,18.0465,0
356,0,0.046512
357,0.023256,0.162791
358,0,0
359,0.093024,0.348837
360,0.186046,0.046512
361,8.51163,0.093024
362,9.88372,0.046512
363,0,0.27907
364,0.023256,0.372094
365,2.74418,1.18605
366,0,0.395348
367,0.255814,0.023256
368,0.023256,0
369,0.162791,0
370,0.139535,0
371,0,0.418606
372,0,0.093023
373,0.139534,0.023256
374,0.023256,0.023256
375,1.88372,0.069768
376,0,1.25581
377,0.046512,0.023256
378,0.046512,0
379,0.302326,2.32559
380,0.023256,0
381,0.093023,0
382,0,0.44186
383,0.976745,0.255816
384,1.83721,0.11628
385,0.139535,0
386,0.093023,0.093024
387,2.23256,2.04651
388,0,0.093023
389,0,0
390,0,1.39535
391,2.4186,0.27907
392,0,0.023256
393,0.046512,0
394,0.069767,0
395,0,0.55814
396,0,0.39535
397,0.162791,0
398,0.069768,1.06977
399,0,1.23256
400,0,0.534884
401,0.046512,0.511628
402,1.37209,0.651166
403,0.093023,0
404,0,0.418604
405,4.13953,24.907
406,0,0.255815
407,0,0.720931
408,0,0.441861
409,0.11628,0.790697
410,0.023256,0.860464
411,0,0
412,12.6047,0.302326
413,0.186046,0.488373
414,0.023256,1.16279
415,0.069768,0
416,0.023256,0.046512
417,0,0.046512
418,0.116279,0
419,0.069768,0.348837
420,0.023256,0
421,0,0
422,0,0
423,0.069768,0
424,1.4186,0
425,0,0.465116
426,0.023256,0
427,9.67442,0.232558
428,0.395349,0
429,0,0.069768
430,0,0.046512
431,0.116279,0
432,0.209303,0
433,0,1.55814
434,0.139535,0.023256
435,13.3256,0
436,0.093024,0.139535
437,0.046512,1.93023
438,2.67442,0.209303
439,0.046512,0.976745
440,2.02326,0
441,0,0.581395
442,0.069768,0
443,0.046512,0
444,0.046512,0
445,0.046512,0.139535
446,0.046512,0.697676
447,0.093024,0.046512
448,0.581397,0
449,1.06977,0.023256
450,0.116279,0
451,0.139535,0.232558
452,0.186047,0.651163
453,0,0
454,0.093023,0.674419
455,0,0
456,0,0.953489
457,27.2093,0
458,0,0.023256
459,0.069768,0
460,0,0.325581
461,0,0.418605
462,0.116279,0.697674
463,2.67442,6.25582
464,0.11628,0.930233
465,3.37209,0.093024
466,2.18605,0.069768
467,0.093023,0
468,4.32558,5.06977
469,0.023256,0.069768
470,0.232558,0.023256
471,0.069768,0.162791
472,0.046512,1.04651
473,0.139535,0.604651
474,12.2093,0
475,0,1.83721
476,3.53488,1.02326
477,3,0.860468
478,0.116279,0.348837
479,0,0
480,3.32558,12.9302
481,0.162791,0.023256
482,0.069767,0.046512
483,1.02326,0.116279
484,0.139535,0
485,0.418604,0.116279
486,0,0.046512
487,2.76744,0.325583
488,0.139535,1.06977
489,0.046512,0.83721
490,0.116279,0
491,2.02326,0.11628
492,0.093023,0.534885
493,0,0.651162
494,0.046512,0.95349
495,0.093023,0
496,4.44186,14.5581
497,0.255814,0.139536
498,0,1.62791
499,0,0.116279
500,3.74419,0.720932
501,0.162792,0.093024
502,0.325582,0.139535
503,0.093023,1.60465
504,0,0.790697
505,0.325582,0
506,0.255814,0
507,0.348837,1.13953
508,0.046512,0
509,0.093023,0.72093
510,0.046512,1.32558
511,0.046512,0.023256
512,0.651162,0
513,0.627906,0.255814
514,0,0.418605
515,0,0.046512
516,0.069767,0
517,0.279069,0.046512
518,0.069768,0
519,12.2326,0
520,4.11628,1.25581
521,0.11628,0
522,2.48837,0
523,0.325583,0.441861
524,5.51163,14.0233
525,0.395348,0.139536
526,3.02326,0.604653
527,0.046512,0.139535
528,0.046512,3.44187
529,0.069767,1.13954
530,0.534884,0
531,0.348837,0
532,0.023256,0.255814
533,0.302324,1.13953
534,0.209303,0.302326
535,0.046512,2.69767
536,0,0
537,0.046512,0
538,0.186047,0
539,0,0.558141
540,2.51163,0.046512
541,0.069767,0.767444
542,0.232558,1.44186
543,0.232559,0.534884
544,0,0.627907
545,0.209302,0
546,0.023256,0.069768
547,0.255814,0
548,6.5814,0.186047
549,22.7907,0
550,0.069767,0.023256
551,35.1163,0.023256
552,2.30233,0.744191
553,0.023256,0.581396
554,0.534883,0.720933
555,0.11628,0
556,0.162792,0.558141
557,0.232558,0.162791
558,0.255815,0.023256
559,0.046512,0.790698
560,0.069768,0.511629
561,0.139534,1.23256
562,0.046512,0.023256
563,0.209302,0
564,0.139535,3.74419
565,0.046512,0
566,0.046512,0.95349
567,0.023256,0.441861
568,0.023256,0.83721
569,0.069768,0
570,0.139535,4.11628
571,4.27907,0.11628
572,0.023256,0.325581
573,0.046512,0.325583
574,1.25582,0
575,0.627907,0.209303
576,4.4186,0.558141
577,0.069768,0
578,0.023256,0.372094
579,0.11628,0.697676
580,1.16279,0.069767
581,0.232558,0.39535
582,0.116279,0.813957
583,0.093024,0.232558
584,4.2093,0.372095
585,0,1.25581
586,0.069768,0.674419
587,0,0.069768
588,0.372092,0.023256
589,0.139536,0
590,0.069768,0.883722
591,0.069768,0.651161
592,0.139536,0.511629
593,3.09302,0.279071
594,0.093024,0.302326
595,0.069767,0.325581
596,0.046512,0.39535
597,3.02326,0.372095
598,0.093023,0.627908
599,0.023256,0.255814
600,0,0.27907
601,0.069768,0.023256
602,0.046512,1.93023
603,0.069767,0
604,0.186047,0
605,0.046512,0.837208
606,0.069768,0
607,0.11628,0
608,0.069768,0
609,0,0.023256
610,0.093023,0.023256
611,0.069768,0.860467
612,0.069767,0.116279
613,0.186046,0
614,0.116279,2.23256
615,0.046512,1.04651
616,4.69767,0.860469
617,0.093023,0.302326
618,0.44186,0.302326
619,0.232557,0.116279
620,4.09302,3.02325
621,0.023256,0.488373
622,0,0.534885
623,6.37209,11.7675
624,0.069768,0.465117
625,0.023256,0
626,42.2326,0.069768
627,0.720931,0.069768
628,5.60465,6.69768
629,0.023256,0.279071
630,0.651163,0.046512
631,0,0.302325
632,0.139536,0
633,0,0.093024
634,0.186047,0.953491
635,0.651163,0.093023
636,0,0.860464
637,4.97674,0.604651
638,0.023256,1
639,0.069768,0.162791
640,4.04651,0.534886
641,0.186047,0.27907
642,0.069768,0.488372
643,1.32558,0
644,0.023256,0.744186
645,0,0
646,0.372095,0
647,0.209303,0.67442
648,0.046512,0.023256
649,0.139534,0.023256
650,0.023256,0.255814
651,0.023256,0.255814
652,0.069768,0
653,0.069768,0.16279
654,0,0.186047
655,0.023256,2.34884
656,0.302326,0.348837
657,0.534884,0
658,0.302326,0.162791
659,0.046512,1.25581
660,0.418604,0.767442
661,0.883719,0.093023
662,0.255815,0
663,0,0.325582
664,0.534883,0
665,0.023256,1.65116
666,4.02326,0.348839
667,0.255814,0.627908
668,0,0.604652
669,0.093024,0
670,0,0.441861
671,0.186048,0
672,0.139535,2.04651
673,0.093024,0.232558
674,5,9.55816
675,0.581396,0.023256
676,0.046512,0
677,4.46512,0.534885
678,4.72093,0.372095
679,0.55814,0.046512
680,0.139536,0
681,0.046512,0.930232
682,0,0.023256
683,0.837209,0
684,6.55814,8.7442
685,0.046512,0.930232
686,0.093023,1.88372
687,0.162791,0.023256
688,0.534883,0.139535
689,0,1.16279
690,0.069767,1.39535
691,0.162791,0.744185
692,0.558139,4.18605
693,0.441862,0
694,0.046512,0.930232
695,0.116279,0
696,4.32558,0.325583
697,0.023256,0
698,1.48837,0
699,0.232559,0.906978
700,0.604651,0.069768
701,0.302325,0.209303
702,0.093023,0.325582
703,0.232558,0
704,0,2.51163
705,0.046512,0.023256
706,0,0
707,0.023256,0.255814
708,0.116279,0.27907
709,0,0.069768
710,0,0.860465
711,0.023256,0
712,0.023256,0
713,4.48837,0.813955
714,0.023256,1.25581
715,0.023256,0.139535
716,0,0.093024
717,0.325581,1.5814
718,0.813953,0.488372
719,0,0.720931
720,4.25582,0.069768
721,15.4884,0.11628
722,5.67442,4.39535
723,0.139535,0.162791
724,0.16279,0
725,0,0.395349
726,0.604651,0
727,4.95349,0.418607
728,26.2093,0.046512
729,6,2.44186
730,0.209303,1.25581
731,0.139536,0
732,0.27907,0
733,0.023256,1.25581
734,0,0.930231
735,0.116279,0
736,0.139535,0.511629
737,4.58139,0.39535
738,4.74419,6.58141
739,0.046512,0.093024
740,0,0
741,3.74419,17
742,0,0.581397
743,0.046512,0.255815
744,0.069768,6.2558
745,0.046512,0.093023
746,0,0
747,1.2093,0
748,0.511632,0
749,0.534884,0.11628
750,0.186048,0.325584
751,2,0.046512
752,0.046512,0.767444
753,0.255815,0.651167
754,0.139536,0.023256
755,0.767443,0.023256
756,0.046512,0.767444
757,0.116279,1.20931
758,0.11628,0.139536
759,0.279072,0.162792
760,0.023256,0.162791
761,0.116279,1.20931
762,0.46512,0.023256
763,1.48837,0.023256
764,0.116279,0.418606
765,0,0
766,2.02326,5.97677
767,2.2093,5.83724
768,0.511632,0
769,0.441861,0.093024
770,0.023256,1.44187
771,0.55814,0.162791
772,0.046512,3.60466
773,0.139535,0.441862
774,0.069768,1.86048
775,0.186048,0.209304

Cluster contribution to imbalance analysis (cluster-cluster matrix):
428.186, 307.279, 13, 
278.651, 1.53489, 0.767443, 
9.9535, 0.651165, 0, 

