Global time spent: 61.4603
I(P) = 2484.81
Clustering configuration: 
 Partition 0 (731): [ 0 1 2 3 4 5 6 7 8 9 10 11 12 13 14 15 16 17 18 19 20 21 22 23 24 25 26 27 28 29 30 31 32 33 34 35 37 38 39 40 42 43 44 45 46 47 48 49 50 51 52 53 54 55 56 57 58 59 60 61 62 63 64 65 66 67 68 69 70 71 73 74 76 77 78 79 80 81 82 83 84 85 86 87 88 89 90 91 92 93 94 95 96 97 98 99 100 101 103 104 106 107 108 109 110 111 112 113 114 115 116 118 119 120 121 122 123 125 126 127 128 129 130 131 132 133 134 135 136 137 138 139 140 141 142 143 144 145 146 147 148 149 150 151 152 153 154 155 156 157 158 159 160 161 162 163 164 165 167 168 169 170 172 173 174 175 176 177 178 179 180 181 182 183 184 185 186 187 188 189 190 191 192 193 194 195 196 197 198 199 200 201 202 203 204 205 206 207 208 209 210 211 212 213 214 215 216 217 218 219 220 221 222 223 224 225 226 227 228 229 230 231 232 233 234 235 236 237 238 241 242 243 244 245 246 247 248 249 250 251 252 253 254 256 258 259 260 261 262 263 264 265 266 267 268 269 270 272 273 274 275 276 277 278 279 281 282 283 284 285 286 287 288 289 290 291 292 293 294 296 297 298 299 301 302 303 304 305 306 307 308 309 310 311 312 313 314 315 316 317 318 319 320 321 322 323 324 325 326 327 328 329 330 332 333 334 335 336 337 338 339 340 341 342 343 344 345 346 347 348 349 350 352 355 356 357 358 359 360 361 362 363 364 365 366 367 368 370 371 372 373 374 377 378 380 381 382 383 384 385 386 387 388 389 390 391 392 393 394 395 396 397 398 399 400 402 403 404 405 406 407 408 409 410 411 412 413 414 415 417 418 420 421 422 423 424 425 427 428 429 430 431 432 433 434 435 436 437 438 439 440 442 443 444 445 446 447 448 450 451 452 453 454 455 456 457 458 459 460 461 462 463 464 465 466 467 468 469 470 471 472 473 474 475 476 477 478 480 481 482 483 484 485 486 487 488 489 490 491 492 493 494 495 496 497 498 499 500 501 502 503 504 505 506 507 508 509 510 511 512 513 514 515 517 518 519 520 521 522 523 524 525 526 527 528 529 530 531 532 533 534 535 536 537 539 542 543 544 545 546 547 548 549 550 551 552 553 554 555 556 557 558 559 560 561 562 563 564 565 566 567 568 569 572 573 575 576 577 578 579 580 581 582 583 584 585 586 587 588 589 590 591 592 593 594 595 597 598 599 600 601 602 603 604 605 606 607 608 609 610 611 612 613 614 615 616 617 618 619 621 622 623 624 625 626 627 628 629 630 631 632 633 634 635 636 637 638 639 641 642 643 644 645 646 647 649 650 652 653 654 655 656 657 658 659 660 661 662 663 664 665 666 667 668 669 670 671 672 673 674 675 676 677 678 679 680 681 682 683 684 685 686 687 688 689 690 691 692 693 694 695 696 697 698 699 700 702 703 704 705 706 707 708 709 710 711 712 713 714 715 716 717 718 719 720 722 723 724 725 726 727 728 729 730 731 732 733 734 735 736 737 738 739 740 741 742 743 744 745 746 747 748 751 752 753 754 755 756 757 758 759 760 761 762 763 764 765 766 767 768 769 770 771 772 773 774 775 776 777 778 779 ] 
 Partition 1 (49): [ 36 41 72 75 102 105 117 124 166 171 239 240 255 257 271 280 295 300 331 351 353 354 369 375 376 379 401 416 419 426 441 449 479 516 538 540 541 570 571 574 596 620 640 648 651 701 721 749 750 ] 

Imbalance analysis (out edges contribution):
Vertex,PositiveSum,NegativeSum
0,1.61905,0.999999
1,0.142857,0.190476
2,0.619047,0
3,0.142857,8.04761
4,0.095238,0
5,0.047619,5.42857
6,0.619047,0.095238
7,0.095238,4.38095
8,0.047619,9.42856
9,0.047619,6.85714
10,0.047619,4.57142
11,0.47619,0.571428
12,0,4.09523
13,13.9048,29
14,1.71428,0.047619
15,0.238095,0.047619
16,0.047619,5.66666
17,0.428571,2.28571
18,0.190476,4.47619
19,0.809523,0.142857
20,0,1.52381
21,0,4
22,0.523809,0.095238
23,0.190476,0.238095
24,13.7619,23.5238
25,0.047619,0.333333
26,0.047619,4.61904
27,8.47618,32.1428
28,0,0.428571
29,5.47619,2.52381
30,0.095238,0.047619
31,0.190476,0.333333
32,0.238095,0.047619
33,0.142857,7.71428
34,0.238095,0.047619
35,0.095238,6.28571
36,5.09523,0
37,0,0.190476
38,0,3.80952
39,0.142857,1.52381
40,0,4.57142
41,11.3333,0
42,0.047619,4.47619
43,0,3.23809
44,0.142857,1.80952
45,0.047619,0.095238
46,0.380952,0.142857
47,0.761904,0.333333
48,0,4.57142
49,0.047619,5.71428
50,0,6.61904
51,0,7.38095
52,0.047619,0.095238
53,0.047619,3.61904
54,0,3.80952
55,0.047619,6.19047
56,0.095238,0.190476
57,0.285714,0.095238
58,0,6.99999
59,1.90476,0.380952
60,0.238095,0.047619
61,0.380952,0.190476
62,0.095238,2.14286
63,0,0.809523
64,2.04762,0.047619
65,0,3.71428
66,0,1.71428
67,0.999999,0.047619
68,0,4.57142
69,0.047619,4.85714
70,0,2.85714
71,0,4.57142
72,0.904761,0.619047
73,0.095238,0.285714
74,0.047619,4.09523
75,4.52381,0.380952
76,8.85714,5.47619
77,0.047619,4.47619
78,0.095238,0.047619
79,0.095238,6.28571
80,9.66666,16.1428
81,10.2381,19.4286
82,0.095238,2.7619
83,0,4.38095
84,0.666666,0.095238
85,0.238095,0.047619
86,0,3.71428
87,0.95238,0.142857
88,1.04762,0.142857
89,0,3.71428
90,0,7.85714
91,0.047619,9.09523
92,1.71428,0.333333
93,0,5.42857
94,0.047619,0.047619
95,0,4.38095
96,0,0
97,0.142857,5.23809
98,0.238095,0
99,0.047619,9.90475
100,0.095238,4.04762
101,0.190476,0
102,14.4286,0
103,0,3.71428
104,0.190476,0
105,38.7619,0.333333
106,0,4.38095
107,0,0.333333
108,0,3.71428
109,0.285714,2
110,0,0.666666
111,0.190476,0
112,0.095238,0.333333
113,9.66667,31.619
114,1.04762,0.047619
115,1.52381,0.047619
116,0.047619,1.33333
117,6.38095,0.095238
118,0.047619,0.761904
119,0,4.95238
120,0.095238,0.190476
121,0,5.7619
122,0.190476,0
123,0.190476,2.04762
124,47.7619,1.42857
125,0.047619,0.666666
126,0,3.66666
127,0.047619,0.095238
128,1.14286,0.190476
129,8.38095,13.9524
130,0.380952,0.571428
131,5.95238,2.95238
132,0.142857,0.047619
133,2.14286,0
134,0.047619,5.90476
135,1.14286,0.047619
136,0.238095,0.095238
137,0.142857,0
138,0.809523,0.047619
139,6.66666,0.761904
140,10.4286,9.95237
141,0.857142,1.23809
142,0,0.380952
143,0,3.47619
144,0,3.47619
145,0,2.04762
146,0.095238,5.99999
147,3.33333,0.095238
148,0,1.52381
149,0.523809,0.047619
150,0,0.904761
151,0.238095,0.190476
152,1.85714,0.047619
153,1.80952,0.333333
154,0,0.095238
155,1.85714,23.2857
156,0,5.61904
157,7.23809,12.0476
158,0.047619,5.42857
159,0.095238,0.047619
160,0,4.80952
161,2.61905,0
162,0.523809,0.857142
163,0.47619,0.238095
164,0.142857,0
165,0.142857,1.33333
166,2.38095,0.142857
167,1.14286,0
168,0.047619,1.38095
169,0.619047,6.38095
170,0,3.42857
171,19.4762,0.285714
172,0.190476,0.380952
173,0,2.14286
174,0.380952,0
175,0.095238,1.04762
176,1.19047,0
177,0,5.04761
178,0.190476,0
179,0.047619,1.04762
180,0.238095,0
181,0.761904,0
182,0.666666,5.5238
183,0,4
184,0.047619,5.28571
185,0.142857,0
186,0.142857,0
187,0,4
188,0,4.04762
189,0,1.52381
190,0.047619,5.47619
191,0.190476,0.380952
192,0.142857,0
193,0,5.5238
194,0,3.42857
195,0,3.42857
196,9.04762,21.7143
197,0,3.33333
198,0,0.619047
199,0.047619,0.333333
200,2.85714,0.238095
201,0.380952,0
202,0.47619,0
203,0.047619,2.52381
204,0.142857,0
205,1.38095,0
206,0,3.85714
207,0,3.90476
208,0.190476,0.333333
209,0.047619,3.85714
210,7.19047,10.2381
211,8.80952,19.8095
212,0.190476,0.904761
213,0.142857,0.666666
214,1.71428,0
215,0.999999,0
216,0,0.333333
217,6.5238,0.380952
218,0.047619,1.95238
219,0,1.33333
220,0,3.19047
221,0,0.714285
222,4.61904,0.523809
223,0.428571,0.047619
224,0,3.71428
225,8.47619,19.5714
226,1.04762,0
227,0,3.09524
228,1.66667,0.047619
229,2.04762,0
230,1.47619,0
231,3.04762,3.33333
232,0,3.09524
233,0.380952,0
234,0,1.42857
235,0.47619,0
236,0.095238,0.047619
237,0,0.428571
238,3.28571,0
239,8.09523,0
240,34.619,0.95238
241,7.95238,14.5714
242,3.90476,0.190476
243,0.047619,6.85714
244,10.4762,30.9047
245,0,0.571428
246,0,3.38095
247,0,2.28571
248,0,2.04762
249,0.095238,0
250,0,2.90476
251,0.047619,1.52381
252,0,2.90476
253,0,2.47619
254,0.380952,0.238095
255,4.57142,0.047619
256,7.66666,16.6666
257,2.52381,0.095238
258,0,2.80952
259,0,0.761904
260,3.61904,2.14286
261,1.28571,0
262,3.95238,0.523809
263,0.666666,8.42856
264,0.380952,0
265,1.47619,0
266,0,0.619047
267,0,3.28571
268,0.571428,0
269,0.095238,0
270,0,0.571428
271,0.095238,0.285714
272,2,0
273,0.095238,1.52381
274,0,0.190476
275,0,1.33333
276,5.7619,1.38095
277,0.857142,0
278,0,0.666666
279,0,4.80952
280,26.3809,0.142857
281,0,4.28571
282,0.428571,0.047619
283,5.42857,10.9048
284,0,3.23809
285,3.57143,0.190476
286,9.95238,16.7619
287,1.19047,0
288,0,2.66666
289,0,3.7619
290,0.190476,1.14286
291,0,1.28571
292,0,3.14285
293,0,2.66666
294,0,3.80952
295,9.09523,0.428571
296,3.09524,0.285714
297,0,1.23809
298,0.047619,0.047619
299,0,0.047619
300,31.619,0.095238
301,6.47619,9.14285
302,0.095238,0.142857
303,0,2.61905
304,0.047619,0
305,0,0
306,0,1.23809
307,0,2.61905
308,0.333333,0
309,6.85714,9.90475
310,5.23809,2.66666
311,1.33333,0
312,1.85714,0
313,0.190476,1.38095
314,0,2.57143
315,0.428571,0
316,0.047619,1.71428
317,0.095238,0
318,0.190476,0
319,0,3
320,0,2.71428
321,0.047619,0.238095
322,0,2.38095
323,0.714285,0.142857
324,0.047619,1.52381
325,5,0.190476
326,0,1.23809
327,0.190476,0.142857
328,0,1.33333
329,0.47619,2.66666
330,0,0.190476
331,29.8571,0.380952
332,0,6.61904
333,0.619047,0.047619
334,0.142857,0.95238
335,0.047619,3.47619
336,0,3.85714
337,0,2.57143
338,0,2.57143
339,0,2.33333
340,6.28571,15.3809
341,0.333333,0
342,0.095238,0
343,0.047619,4.57142
344,6.7619,20.4762
345,0,1.42857
346,0.095238,1.28571
347,0.761904,0
348,4.61904,1.19047
349,0.714285,0
350,1.33333,0
351,18.3809,0.095238
352,0,2.33333
353,3.33333,0.095238
354,29.0476,1.28571
355,0,1.42857
356,0,2.33333
357,5,11.4286
358,1.38095,0
359,0.095238,2.14285
360,0.190476,1.19047
361,0.571428,0
362,1.47619,0.142857
363,0.047619,1.33333
364,0.047619,3.61904
365,6.38095,7.80952
366,5,11.0952
367,0,0.666666
368,0,0.333333
369,24.1905,0.095238
370,0,1.28571
371,0,2.19047
372,0.095238,0
373,1.52381,0
374,0.238095,0.428571
375,1.66666,0
376,1.71428,0.047619
377,0,2.19047
378,0.142857,3.57143
379,18.0952,0.619047
380,0,0.238095
381,0,2.19047
382,0,0.095238
383,0.095238,0
384,0.095238,0
385,0,1.90476
386,0.47619,0
387,0.714285,0
388,1.04762,0
389,4.38095,18.4286
390,0,3
391,0.714285,0
392,0,0.047619
393,0.047619,3.57143
394,0.095238,0
395,0.095238,0.142857
396,0,2.38095
397,2.85714,3.23809
398,4.14286,7.38095
399,0.333333,0
400,0.047619,1.38095
401,31.619,0.619047
402,0.333333,0
403,0.238095,0
404,0,2.85714
405,2.90476,1.42857
406,0,0.95238
407,0.571428,0
408,0.047619,0
409,0.095238,0.047619
410,0,4.19047
411,0.285714,0
412,0,1.71428
413,0,0.142857
414,0,0.904761
415,0,1.7619
416,9.66666,0.238095
417,0.190476,0
418,0,2
419,20.1428,0.142857
420,0,0.999999
421,0.047619,1.23809
422,0,3.80952
423,0,1.52381
424,0,3.52381
425,0,5.19047
426,1.04762,0.190476
427,0.142857,0.761904
428,0,0.095238
429,0.047619,0
430,0,2
431,0,0.333333
432,0.095238,0
433,0.142857,0.999999
434,0.047619,0
435,0.047619,0.190476
436,0.047619,0
437,0.190476,0
438,2.38095,1.19047
439,0,3.80952
440,0.047619,0
441,0.380952,0.190476
442,0.285714,0
443,0.857142,0.047619
444,0,1.7619
445,0.095238,0
446,0.095238,0.238095
447,0.047619,0.238095
448,0,2
449,9.5238,0.095238
450,0,1.23809
451,0,1.61905
452,3.04762,9.09523
453,0,1.14286
454,1.85714,0.619047
455,0,0.857142
456,0.047619,0
457,0.095238,0.095238
458,0.904761,0
459,0.380952,0
460,0,2.14286
461,0,0.571428
462,0,0.047619
463,0.571428,0.142857
464,0.095238,0.238095
465,0,1.19047
466,0,1.95238
467,0,0.666666
468,0,0.904761
469,0,0.619047
470,0,1.57143
471,3.95238,14.1428
472,0,2.09524
473,0,0.285714
474,0,0.809523
475,0,1.80952
476,0,2.09524
477,2,1.33333
478,0,0.523809
479,6.33333,0
480,0.904761,0
481,1.90476,2.85714
482,1.19048,0
483,1.7619,0.095238
484,0,2.04762
485,0.428571,0.095238
486,0,2.04762
487,0.904761,0
488,0,1.04762
489,0,2.04762
490,0.238095,0.047619
491,0.047619,1.52381
492,0,1.09524
493,2.90476,9.85713
494,2.42857,5.33333
495,0,1.95238
496,0,0
497,4.19048,16.3333
498,1.19048,0.047619
499,0.333333,0
500,0.95238,0
501,0,1.7619
502,1.33333,0.238095
503,0.380952,0
504,0,1.28571
505,0,1.42857
506,2.23809,5.23809
507,0.333333,0
508,0,0.095238
509,0.238095,0
510,2.19048,2.38095
511,0,1.38095
512,0,0.190476
513,0,1.38095
514,0.142857,0
515,3.09524,1.52381
516,0.809523,0.142857
517,0,2
518,0,1.38095
519,3.61905,1.95238
520,0,0.047619
521,0.047619,2.85714
522,0,2.04762
523,0.190476,0
524,0.190476,0.095238
525,0.047619,0
526,0,0.142857
527,0,0.285714
528,0,0.904761
529,0,1.66666
530,0.47619,0
531,0,1.71428
532,0.190476,2.38095
533,0,1.19048
534,0,0
535,0,0.857142
536,0.047619,0
537,0,0.666666
538,0.666666,0
539,2.90476,6.95237
540,0.333333,0.142857
541,0.619047,0.428571
542,0,0
543,2.33333,0.095238
544,3.66667,1.14286
545,0.047619,0.142857
546,2.90476,6.95237
547,0.285714,0
548,0,4.71428
549,0,0.95238
550,0.238095,0
551,0.047619,0
552,0,0.238095
553,0.095238,3.38095
554,0,1.42857
555,0,2.09524
556,0,0.047619
557,0.047619,0
558,0.380952,0
559,0.619047,0
560,0,1.52381
561,0.714285,0.428571
562,0,2.09524
563,0.047619,1.71428
564,0,1.47619
565,0,0
566,0.190476,0
567,0.047619,0
568,0,2.19047
569,0.190476,0
570,0.142857,0.142857
571,14.5714,0.142857
572,0.047619,0.095238
573,3.14286,4.47619
574,0.238095,0.238095
575,0,1.42857
576,0.190476,0.904761
577,0.190476,0
578,0,2
579,0,1.42857
580,0.238095,0
581,0,0.190476
582,0,1.23809
583,0,0.666666
584,0,0.047619
585,0.333333,0
586,0,0.047619
587,0.142857,0
588,0,0
589,0,1.38095
590,0,1.42857
591,0.047619,0
592,0.142857,0
593,1.61905,0.380952
594,0,0.904761
595,0,1.23809
596,0,0.380952
597,0,2.04762
598,1.7619,4.61904
599,0.047619,0
600,0.523809,0
601,0,0.666666
602,0.142857,0
603,0,1.19047
604,0.190476,0.142857
605,0,0.571428
606,0,0.142857
607,2.42857,5.95238
608,0,0.857142
609,0,0.428571
610,0.047619,0.95238
611,0,0.904761
612,0.095238,0
613,0.142857,0
614,0,1.23809
615,0,0.238095
616,2.42857,5.5238
617,0,1.66667
618,0,1.14286
619,0,0.523809
620,9.61905,0.142857
621,0,1.57143
622,0,1.71428
623,0,1.09524
624,0.380952,0
625,0,1.47619
626,0.095238,0
627,0.428571,0.095238
628,0,0.999999
629,0,0
630,0,0
631,0.142857,0
632,0.523809,0.047619
633,0,0.428571
634,0.380952,0
635,0.047619,0.095238
636,0,1.14286
637,0.047619,0
638,0.142857,0
639,0,0.95238
640,0.571428,0
641,0.428571,0
642,0,0.999999
643,0,0.333333
644,0.047619,0.857142
645,1.66667,2.38095
646,0,1.38095
647,0,2.09524
648,9.80952,0.047619
649,0,1.19048
650,0.095238,0
651,12.5238,0.095238
652,0,0.761904
653,1.38095,4.71428
654,0.047619,0
655,0,0
656,0,0.619047
657,0,0
658,0,0.428571
659,0.190476,0
660,0.333333,0.380952
661,0,0.333333
662,0.190476,0.047619
663,0.619047,4.38095
664,0,1.19047
665,0,0.095238
666,0.714285,2.52381
667,0,0.333333
668,0,0.333333
669,0,0
670,0,0.047619
671,0,0
672,0,0
673,0,0.666666
674,0,0.285714
675,0,0.999999
676,0,0.333333
677,0.095238,0
678,0,0
679,0.047619,0
680,0,0.380952
681,0.047619,0.095238
682,0,0
683,0.238095,0
684,0.190476,0.333333
685,0,0.666666
686,0,0
687,0.047619,0
688,0,0
689,0,0.714285
690,0,0
691,0,1.57143
692,0,0
693,0.666666,3.61904
694,0,0.571428
695,0.095238,0
696,0,0
697,0,0
698,0.095238,0
699,0.047619,0.142857
700,0,0.238095
701,3.47619,0
702,0,0
703,0.047619,0
704,0.428571,2.14286
705,0.428571,1.85714
706,0,0.666666
707,0,0
708,0,0.380952
709,0,0
710,0.095238,0
711,0.714286,1.09524
712,0,0.333333
713,0,0
714,0,0
715,0,0
716,0.047619,0.761904
717,0,0.333333
718,0,0.333333
719,0.047619,0
720,0,0.333333
721,0,0
722,0,0.333333
723,0.095238,0
724,0.47619,1.38095
725,0,0
726,0.095238,0
727,0,0
728,0,0.238095
729,0,0
730,0,0.428571
731,0,0
732,0,0.428571
733,0,0
734,0.047619,0
735,0,0.238095
736,0,0
737,0,0.333333
738,0.095238,0
739,0,0.047619
740,0,0
741,0.380952,0.523809
742,0,0.190476
743,0.095238,0.380952
744,0,0
745,0.142857,0
746,0,0
747,0,0
748,0.333333,0.190476
749,0.047619,0
750,2.19048,0
751,0,0.285714
752,0,0
753,0,0.047619
754,0,0
755,0,0.428571
756,0,0.47619
757,0,0.142857
758,0,0.142857
759,0,0
760,0,0
761,0,0
762,0,0
763,0,0
764,0,0
765,0,0
766,0,0.095238
767,0,0
768,0,0
769,0,0
770,0,0
771,0,0
772,0,0
773,0,0
774,0,0
775,0,0
776,0,0
777,0,0
778,0,0
779,0,0
Imbalance analysis (in edges contribution):
Vertex,PositiveSum,NegativeSum
0,0,0
1,0,0
2,0,0
3,0,0
4,0,0
5,0,0
6,0,0
7,0,0
8,0,0.047619
9,0,0
10,0,0
11,0,0
12,0,0
13,0,0.809523
14,0,0
15,0,0
16,0,0.238095
17,0,0
18,0,0.238095
19,0,0
20,0,0.095238
21,0,0.095238
22,0,0
23,0,0
24,0,1.33333
25,0,0
26,0,0.190476
27,0,1.28571
28,0,0.095238
29,0,0.142857
30,0,0
31,0,0.095238
32,0,0
33,0,0.333333
34,0,0
35,0,0.190476
36,0.380952,0
37,0,0
38,0,0.285714
39,0,0.095238
40,0,0.380952
41,0.761904,0
42,0,0.333333
43,0,0.142857
44,0,0.142857
45,0,0
46,0,0.047619
47,0,0
48,0,0.380952
49,0,0.428571
50,0,0.190476
51,0,0.571428
52,0,0
53,0,0.190476
54,0,0.142857
55,0,0.333333
56,0,0
57,0,0
58,0,0.285714
59,0.095238,0
60,0,0
61,0,0
62,0,0.095238
63,0,0.047619
64,0,0
65,0,0.380952
66,0,0.142857
67,0,0
68,0,0.523809
69,0,0.380952
70,0,0.142857
71,0,0.380952
72,0.047619,0
73,0,0.142857
74,0,0.238095
75,0.571428,0
76,0.047619,1.04762
77,0,0.333333
78,0,0
79,0,0.428571
80,0.142857,2.85714
81,0.095238,3.42857
82,0,0.095238
83,0,0.571428
84,0,0
85,0,0
86,0,0.380952
87,0,0
88,0,0
89,0,0.380952
90,0,0.857142
91,0,0.95238
92,0,0
93,0,0.523809
94,0,0
95,0,0.571428
96,0,0
97,0.047619,0.523809
98,0,0
99,0,1.14286
100,0,0.428571
101,0,0
102,1.47619,0
103,0,0.380952
104,0,0
105,4.09524,0
106,0,0.571428
107,0,0.095238
108,0,0.380952
109,0,0.190476
110,0,0.095238
111,0,0
112,0,0
113,1.04762,7.5238
114,0.095238,0
115,0.047619,0
116,0,0.095238
117,0.714285,0
118,0,0.142857
119,0,0.523809
120,0,0
121,0,0.904761
122,0,0
123,0,0.380952
124,6.38095,0.142857
125,0,0.190476
126,0,0.380952
127,0.047619,0
128,0.142857,0
129,1.38095,3.7619
130,0.190476,0
131,1.09524,0.714285
132,0.095238,0
133,0.047619,0
134,0,0.95238
135,0.142857,0
136,0.047619,0.047619
137,0.047619,0
138,0.047619,0
139,0.904761,0.047619
140,1.7619,2.71428
141,0.142857,0.238095
142,0,0.190476
143,0,0.619047
144,0,0.619047
145,0,0.333333
146,0,0.999999
147,0.333333,0
148,0,0.428571
149,0.047619,0
150,0,0.285714
151,0.047619,0
152,0.190476,0
153,0.380952,0.095238
154,0.047619,0
155,0.190476,4.80952
156,0,1.04762
157,1.42857,4.42857
158,0,0.95238
159,0,0.095238
160,0,0.904761
161,0.142857,0.047619
162,0.047619,0.142857
163,0,0.095238
164,0.047619,0
165,0,0.285714
166,0.666666,0.095238
167,0.142857,0.047619
168,0,0.285714
169,0.142857,1.14286
170,0,0.666666
171,4.33333,0
172,0.142857,0.095238
173,0,0.47619
174,0.095238,0
175,0,0.190476
176,0,0.047619
177,0,0.904761
178,0,0.142857
179,0.142857,0.285714
180,0.142857,0.047619
181,0.095238,0.095238
182,0.142857,0.95238
183,0.047619,0.809523
184,0,0.904761
185,0.142857,0.142857
186,0.095238,0.047619
187,0.047619,0.809523
188,0,0.904761
189,0.047619,0.333333
190,0,1.04762
191,0.190476,0.047619
192,0.095238,0.047619
193,0,1.14286
194,0,0.666666
195,0,0.666666
196,1.90476,10.1428
197,0,0.761904
198,0.047619,0.238095
199,0.047619,0.047619
200,0.333333,0.142857
201,0.142857,0.047619
202,0.095238,0.047619
203,0.047619,0.571428
204,0.095238,0.047619
205,0.190476,0.047619
206,0.047619,0.95238
207,0,1.04762
208,0,0
209,0.047619,0.857142
210,1.38095,5.19047
211,1.71429,9.5238
212,0.047619,0.333333
213,0,0.190476
214,0.142857,0.047619
215,0.142857,0.047619
216,0,0.047619
217,1.42857,0.095238
218,0,0.761904
219,0,0.285714
220,0,0.904761
221,0,0.190476
222,0.857142,0.095238
223,0.142857,0.142857
224,0.047619,1.09524
225,1.61905,9.80951
226,0.523809,0.238095
227,0,0.999999
228,0.095238,0.047619
229,0.380952,0.047619
230,0.095238,0
231,0.857142,1.28571
232,0,0.999999
233,0.142857,0.047619
234,0.047619,0.380952
235,0.142857,0.095238
236,0,0
237,0,0.047619
238,0.285714,0.047619
239,2.52381,0
240,12.4286,0.190476
241,2.38095,8.28571
242,0.619047,0.142857
243,0,2.19047
244,2.66666,15.7143
245,0,0.190476
246,0,1.57143
247,0,0.714285
248,0,0.666666
249,0.142857,0.047619
250,0,1.19047
251,0.142857,0.523809
252,0,1.19047
253,0,0.904761
254,0,0.142857
255,2,0.047619
256,2.42857,9.85713
257,1.19048,0.095238
258,0,1.28571
259,0,0.666666
260,0.619047,0.999999
261,0.285714,0
262,0.999999,0.571428
263,0.190476,3.28571
264,0.238095,0.095238
265,0.285714,0.190476
266,0,0.285714
267,0,1.66666
268,0.095238,0.047619
269,0.142857,0.047619
270,0,0.333333
271,0.142857,0
272,0.333333,0.095238
273,0,1.04762
274,0,0.238095
275,0,0.666666
276,1.71428,1.14286
277,0,0.142857
278,0.095238,0.238095
279,0.047619,2.04762
280,10.8095,0
281,0,1.66667
282,0.190476,0
283,1.90476,7.7619
284,0,1.71428
285,0.904761,0.095238
286,3.42857,10.5238
287,0.380952,0.047619
288,0,1.42857
289,0.095238,1.66667
290,0.190476,0.666666
291,0,0.571428
292,0,1.80952
293,0,1.42857
294,0,1.66666
295,4.19047,0.333333
296,1.52381,0.47619
297,0,0.761904
298,0,0
299,0.095238,0.047619
300,17.0476,0
301,3.80952,7.14285
302,0,0.095238
303,0,1.47619
304,0,0
305,0.142857,0.047619
306,0.047619,0.571428
307,0,1.47619
308,0.142857,0
309,4.33333,8.47618
310,3,2.47619
311,0.714285,0.190476
312,0.380952,0
313,0.047619,1.04762
314,0,1.52381
315,0.190476,0.095238
316,0,1.04762
317,0.095238,0
318,0.047619,0
319,0,1.95238
320,0.047619,1.52381
321,0,0.142857
322,0,1.28571
323,0.190476,0.095238
324,0.047619,0.95238
325,1.71428,0.142857
326,0,0.761904
327,0.142857,0.047619
328,0,0.714285
329,0.142857,1.95238
330,0.047619,0.190476
331,19.6667,0.047619
332,0,3.57143
333,0.142857,0.047619
334,0.047619,0.333333
335,0.047619,1.85714
336,0,2.09524
337,0,1.52381
338,0,1.52381
339,0.047619,1.42857
340,4.2381,13.9524
341,0.285714,0.142857
342,0.142857,0.047619
343,0,2.52381
344,4.71428,19.2857
345,0.047619,1.28571
346,0,0.95238
347,0.238095,0
348,2.85714,1.33333
349,0.428571,0
350,0.333333,0
351,14.6667,0
352,0,1.7619
353,2.19047,0
354,21.2381,0.285714
355,0.047619,1.28571
356,0,1.7619
357,5.33333,11.4286
358,0.666666,0.095238
359,0.047619,1.61905
360,0.095238,0.999999
361,0.380952,0.142857
362,1.04762,0.190476
363,0.047619,1.14286
364,0,2.90476
365,6,7.80952
366,5.33333,11.7619
367,0,0.761904
368,0.142857,0.095238
369,21.3333,0
370,0,0.999999
371,0,1.90476
372,0.142857,0.047619
373,1.23809,0.047619
374,0.190476,0.095238
375,1.19048,0.095238
376,1.47619,0.190476
377,0,1.90476
378,0.047619,3.14285
379,15.9524,0.142857
380,0,0.333333
381,0,1.90476
382,0.190476,0.095238
383,0.095238,0
384,0.285714,0
385,0.047619,1.85714
386,0,0.142857
387,0.428571,0.095238
388,0.999999,0.095238
389,6.76191,20.6666
390,0,2.47619
391,0.761904,0.047619
392,0,0
393,0.095238,3.52381
394,0.095238,0
395,0.095238,0.333333
396,0,2.57143
397,3.90476,3.80952
398,6.04762,8.85713
399,0.285714,0.047619
400,0,1.38095
401,33.5238,0.047619
402,0.47619,0.142857
403,0.523809,0
404,0,2.61905
405,4.90476,2.09524
406,0.047619,0.999999
407,0.666666,0.047619
408,0.190476,0.047619
409,0.095238,0.190476
410,0,4.52381
411,0.238095,0.190476
412,0,1.47619
413,0,0.047619
414,0.047619,0.904761
415,0.095238,1.42857
416,10.3809,0.142857
417,0.238095,0.095238
418,0,2.09524
419,20.0952,0.047619
420,0,0.999999
421,0.047619,1.33333
422,0,3.95238
423,0.095238,1.47619
424,0,3.61904
425,0,5.33333
426,0.809523,0.714285
427,0.047619,0.999999
428,0,0.47619
429,0,0
430,0,2.09524
431,0,0.238095
432,0.142857,0
433,0.047619,1.38095
434,0.190476,0.047619
435,0.238095,0.428571
436,0.190476,0.047619
437,0.333333,0.047619
438,4.66666,2.47619
439,0,4.04762
440,0.190476,0.047619
441,0.619047,0.428571
442,0.761904,0
443,1.57143,0.095238
444,0.047619,1.71428
445,0.142857,0
446,0.047619,0.095238
447,0.095238,0.142857
448,0,2.09524
449,12.9047,0.285714
450,0,1.38095
451,0,1.38095
452,7.28571,13.7619
453,0.095238,1.33333
454,4.28571,1.38095
455,0,0.761904
456,0.190476,0.047619
457,0.142857,0
458,1.7619,0.142857
459,0.619047,0.142857
460,0,2.23809
461,0.047619,0.619047
462,0,0
463,1.90476,0.47619
464,0.380952,0.190476
465,0.047619,1.52381
466,0,2.14286
467,0.047619,0.571428
468,0,0.857142
469,0.047619,0.666666
470,0,1.80952
471,7.71428,23.5238
472,0,2.85714
473,0,0.47619
474,0,1.04762
475,0,2.28571
476,0,2.85714
477,4.66666,2.38095
478,0,0.47619
479,7.71428,0
480,1.61905,0.095238
481,6.33333,5.33333
482,2.14286,0.142857
483,4.04762,0.190476
484,0.047619,2.7619
485,0.809523,0.238095
486,0.047619,2.7619
487,1.71428,0.047619
488,0.095238,1.52381
489,0.047619,2.7619
490,0.619047,0
491,0.047619,1.57143
492,0,1.52381
493,7.95238,18.8571
494,6.28571,9.90475
495,0,3
496,0,0
497,10.5238,32.8571
498,1.85714,0.333333
499,0.571428,0.142857
500,1.42857,0.142857
501,0,3.19047
502,4.04761,0.47619
503,0.571428,0.142857
504,0,2.28571
505,0,2.66666
506,6.04762,10.0476
507,0.666666,0
508,0.285714,0.428571
509,0.380952,0.095238
510,5.7619,4.66666
511,0,2.71428
512,0,0.380952
513,0,2.71428
514,0.333333,0
515,6.7619,3.61904
516,1.28571,0.47619
517,0.047619,2.61905
518,0,2.71428
519,8.52381,4.19047
520,0.095238,0.047619
521,0.095238,5.42857
522,0,3.66666
523,0.238095,0.095238
524,0.380952,0.047619
525,0.142857,0
526,0.142857,0.523809
527,0.095238,0.285714
528,0.047619,1.80952
529,0.047619,3.14285
530,0.571428,0.047619
531,0,3.23809
532,0.285714,4.09523
533,0,2.66666
534,0.095238,0.333333
535,0.095238,1.71428
536,0.190476,0.047619
537,0.095238,0.904761
538,1.80952,0.047619
539,7.42857,15.9047
540,0.666666,0.333333
541,0.714285,1.04762
542,0.333333,0
543,4.42857,0.047619
544,8.85714,2.33333
545,0.380952,0.238095
546,7.42857,15.9047
547,0.238095,0.095238
548,0.190476,10.4286
549,0.095238,1.47619
550,0.428571,0
551,0.190476,0.047619
552,0,0.523809
553,0.238095,7.38095
554,0.047619,2.90476
555,0.047619,4.28571
556,0.095238,0.047619
557,0.523809,0.047619
558,1.14286,0.095238
559,0.809523,0.190476
560,0,3.42857
561,1.42857,0.761904
562,0,5.42857
563,0.238095,5.14285
564,0.190476,3.52381
565,0.238095,0.428571
566,0.190476,0.095238
567,0.142857,0
568,0.095238,4.47619
569,0.142857,0.095238
570,0.619047,0.523809
571,39.4286,0.047619
572,0.142857,0.047619
573,10.2381,14.619
574,0.095238,0.47619
575,0,3.52381
576,0.761904,2.52381
577,0.47619,0
578,0.095238,4.71428
579,0,3.52381
580,0.333333,0.047619
581,0.190476,1.23809
582,0,2.85714
583,0.095238,1.57143
584,0.047619,0.47619
585,0.809523,0.047619
586,0,0.285714
587,0.238095,0.095238
588,0.142857,0.095238
589,0.047619,3.42857
590,0,3.52381
591,0.190476,0.047619
592,0.714285,0.142857
593,7.57142,1.33333
594,0.047619,2.85714
595,0,2.85714
596,0.190476,1.33333
597,0,5.38095
598,6.19047,17.7143
599,0.047619,0
600,1.42857,0
601,0.095238,1.80952
602,0.428571,0.142857
603,0,2.90476
604,0.333333,0.95238
605,0,1.19047
606,0.047619,0.571428
607,8.09524,23.3809
608,0.095238,2.7619
609,0.047619,0.999999
610,0.428571,2.80952
611,0.190476,2.80952
612,0.047619,0
613,0.666666,0.047619
614,0,3.14285
615,0,0.523809
616,8.19048,23.8095
617,0.047619,5.19047
618,0,3.80952
619,0,1.42857
620,34.3333,1.28571
621,0,5.09523
622,0.095238,5.23809
623,0.047619,3.71428
624,0.904761,0.047619
625,0,4
626,0.380952,0.047619
627,0.857142,0.142857
628,0,3.09524
629,0,0
630,0.142857,0.190476
631,0.428571,0.047619
632,0.904761,0
633,0,1.57143
634,1.90476,0.095238
635,0.095238,0.142857
636,0.142857,3.14285
637,0.142857,0
638,0.238095,0
639,0,3.33333
640,3.61904,0.333333
641,1.90476,0
642,0,3.09524
643,0.095238,1.33333
644,0.142857,3.04762
645,7.52381,12.4762
646,0,4.09523
647,0,7.04761
648,42.5238,0.333333
649,0.095238,4.04762
650,0.428571,0.190476
651,52.8095,0.238095
652,0.047619,3
653,13.0952,32.7619
654,0.666666,0.047619
655,0.142857,0.47619
656,0.047619,3.14285
657,0.190476,0
658,0.095238,2.14286
659,1.52381,0.047619
660,2.33333,0.999999
661,0,1.52381
662,0.857142,0.095238
663,9.57143,32.8571
664,0,4.80952
665,0,0.47619
666,9.61905,20.3333
667,0,1.42857
668,0.095238,1.80952
669,0.238095,0.142857
670,0.142857,0.523809
671,0.238095,0.047619
672,0.238095,0
673,0,3.42857
674,0,1.66667
675,0,4.71428
676,0,1.28571
677,2.04762,0.190476
678,0.380952,0.142857
679,1.04762,0.047619
680,0,2.23809
681,0.380952,0.190476
682,0.190476,0
683,3.23809,0
684,1.47619,1.7619
685,0,3.42857
686,0.047619,0.47619
687,0.857142,0.142857
688,0.142857,0.047619
689,0,4.23809
690,0.285714,0.047619
691,0.047619,7.47618
692,0.238095,0
693,10.0476,37.5714
694,0,4.38095
695,0.714285,0.333333
696,0.857142,0.142857
697,0.142857,0.142857
698,1.23809,0.095238
699,0,0.428571
700,0,1.52381
701,25.8571,0.142857
702,0.142857,0.238095
703,1.14286,0
704,8.33333,25.619
705,9.90476,21
706,0.095238,6.04761
707,0.238095,0.095238
708,0,3.71428
709,0.047619,0.47619
710,2.57143,0.190476
711,12.2857,15.3333
712,0.047619,4.47619
713,0.333333,0.333333
714,0.380952,0.285714
715,0,0.571428
716,0.238095,8.09523
717,0,3.7619
718,0.095238,3.33333
719,0.47619,0.190476
720,0,3
721,0.285714,0.857142
722,0,3.7619
723,2.42857,0.142857
724,10.0476,27.9524
725,0,0
726,1.47619,0.095238
727,0,0.904761
728,0.047619,3.33333
729,0.238095,0.047619
730,0,5.5238
731,0.523809,0.047619
732,0.047619,6.42857
733,0.047619,0
734,1.33333,0
735,0,2.66666
736,0.238095,0.047619
737,0.095238,5.04761
738,1.57143,0.238095
739,0,0.190476
740,0.095238,0
741,7.09523,14.8095
742,0.047619,4.61904
743,0.142857,6.23809
744,0.190476,0
745,1.57143,0
746,0.047619,1.66667
747,0.047619,2.09524
748,7.90476,6.90476
749,4.47619,0.333333
750,40,0.190476
751,0,5.66666
752,0.095238,0
753,0.190476,1.47619
754,0.428571,0.047619
755,10.5238,28.9047
756,10.9524,27.5238
757,8.04761,4.42857
758,0.190476,4.90476
759,0.333333,1.57143
760,1.71428,0.095238
761,0.761904,0.142857
762,0,0.428571
763,0,4.95238
764,0.047619,0
765,0,4.09523
766,8.42857,2.33333
767,5.19047,0.380952
768,0.619047,0
769,1.14286,0.047619
770,0,0
771,0,0
772,0,0
773,0,0
774,0,3.38095
775,0,0
776,0.190476,0
777,0,0
778,0,3.38095
779,0,0

Cluster contribution to imbalance analysis (cluster-cluster matrix):
1442.57, 502.238, 
528.666, 11.3333, 

