Global time spent: 7208.07
I(P) = 464.472
Clustering configuration: 
 Partition 0 (72): [ 13 24 41 72 75 102 117 139 140 155 162 166 169 217 244 255 257 271 286 300 325 331 344 351 353 365 369 375 376 401 416 419 426 441 471 479 483 491 497 498 515 516 519 538 540 541 543 544 570 571 573 574 593 596 640 648 651 653 701 711 721 741 749 750 756 767 772 783 788 796 801 831 ] 
 Partition 1 (767): [ 0 1 2 3 4 5 6 7 8 9 10 11 12 14 15 16 17 18 19 20 21 22 23 25 26 27 28 29 30 31 32 33 34 35 36 37 38 39 40 42 43 44 45 46 47 48 49 50 51 52 53 54 55 56 57 58 59 60 61 62 63 64 65 66 67 68 69 70 71 73 74 76 77 78 79 80 81 82 83 84 85 86 87 88 89 90 91 92 93 94 95 96 97 98 99 100 101 103 104 105 106 107 108 109 110 111 112 113 114 115 116 118 119 120 121 122 123 124 125 126 127 128 129 130 131 132 133 134 135 136 137 138 141 142 143 144 145 146 147 148 149 150 151 152 153 154 156 157 158 159 160 161 163 164 165 167 168 170 171 172 173 174 175 176 177 178 179 180 181 182 183 184 185 186 187 188 189 190 191 192 193 194 195 196 197 198 199 200 201 202 203 204 205 206 207 208 209 210 211 212 213 214 215 216 218 219 220 221 222 223 224 225 226 227 228 229 230 231 232 233 234 235 236 237 238 239 240 241 242 243 245 246 247 248 249 250 251 252 253 254 256 258 259 260 261 262 263 264 265 266 267 268 269 270 272 273 274 275 276 277 278 279 280 281 282 283 284 285 287 288 289 290 291 292 293 294 295 296 297 298 299 301 302 303 304 305 306 307 308 309 310 311 312 313 314 315 316 317 318 319 320 321 322 323 324 326 327 328 329 330 332 333 334 335 336 337 338 339 340 341 342 343 345 346 347 348 349 350 352 354 355 356 357 358 359 360 361 362 363 364 366 367 368 370 371 372 373 374 377 378 379 380 381 382 383 384 385 386 387 388 389 390 391 392 393 394 395 396 397 398 399 400 402 403 404 405 406 407 408 409 410 411 412 413 414 415 417 418 420 421 422 423 424 425 427 428 429 430 431 432 433 434 435 436 437 438 439 440 442 443 444 445 446 447 448 449 450 451 452 453 454 455 456 457 458 459 460 461 462 463 464 465 466 467 468 469 470 472 473 474 475 476 477 478 480 481 482 484 485 486 487 488 489 490 492 493 494 495 496 499 500 501 502 503 504 505 506 507 508 509 510 511 512 513 514 517 518 520 521 522 523 524 525 526 527 528 529 530 531 532 533 534 535 536 537 539 542 545 546 547 548 549 550 551 552 553 554 555 556 557 558 559 560 561 562 563 564 565 566 567 568 569 572 575 576 577 578 579 580 581 582 583 584 585 586 587 588 589 590 591 592 594 595 597 598 599 600 601 602 603 604 605 606 607 608 609 610 611 612 613 614 615 616 617 618 619 620 621 622 623 624 625 626 627 628 629 630 631 632 633 634 635 636 637 638 639 641 642 643 645 646 647 649 650 652 654 655 656 657 658 659 660 661 662 663 664 665 666 667 668 669 670 671 672 673 674 675 676 677 678 679 680 681 682 683 684 685 686 687 688 689 690 691 692 693 694 695 696 697 698 699 700 702 703 704 705 706 707 708 709 710 712 713 714 715 716 717 718 719 720 722 723 724 725 726 727 728 729 730 731 732 733 734 735 736 737 738 739 740 742 743 744 745 746 747 748 751 752 753 754 755 757 758 759 760 761 762 763 764 765 766 768 769 770 771 773 774 775 776 777 778 779 780 781 782 784 785 786 787 789 790 791 792 793 794 795 797 798 799 800 802 803 804 805 806 807 808 809 810 811 812 813 814 815 816 817 818 819 820 821 822 823 824 825 826 827 828 829 830 832 833 834 835 836 837 838 839 ] 
 Partition 2 (1): [ 644 ] 

Imbalance analysis (out edges contribution):
Vertex,PositiveSum,NegativeSum
0,0.104712,0.03665
1,0,0.078535
2,0,0.104713
3,0.476441,0.518325
4,0.130891,0.057592
5,0,0.005236
6,0.010471,0.031414
7,0.03665,0.052357
8,0.005236,0.193715
9,0.005236,0.104713
10,0.005236,0.089008
11,0.005236,0.104712
12,0,0.078534
13,5.1623,0.020942
14,0.083772,0.089006
15,0.052357,0.020942
16,0.005236,0.104712
17,0.25131,0.062827
18,0,0.03665
19,0.350785,0.047121
20,0.130889,0.04712
21,0,0.141361
22,0.010472,0.298431
23,0.005236,0.068064
24,4.3822,0
25,0,0.078534
26,0,0.109947
27,2.96335,0.670156
28,0.010471,0.089004
29,1.82723,0.753931
30,0.209425,0.062828
31,0.015707,0.073298
32,0.151834,0.057592
33,0.816755,0.476442
34,0.073299,0.047121
35,0.392669,0.204189
36,3.22513,0.382203
37,0.020943,1.38744
38,0.010471,0.020943
39,0.005236,1.59687
40,0.047121,0.015707
41,1.88482,0
42,0.005236,0.057592
43,0.005236,0.141361
44,0,0.125653
45,2.17801,0.015707
46,0.020943,0.020943
47,1.08901,0.078535
48,0.005236,0.13089
49,0,0.073299
50,2.54974,0.560211
51,0,0.141361
52,0.005236,0.020943
53,0,0.015707
54,0,0.015708
55,0.219896,0.005236
56,0.303663,0.047121
57,0.172776,0.062828
58,0.596858,1.50786
59,0.350786,0.052358
60,0.162304,0.020943
61,0.020943,0.099477
62,0,0.162303
63,0.015708,0.151833
64,0.570681,0.057593
65,0,0.04712
66,0.020942,0.120418
67,0.151832,0.109946
68,0.005236,0.099477
69,0.015707,0.204189
70,0.895287,0.565445
71,0,0.099476
72,0.71204,0
73,0.005236,0.099477
74,0,0.041885
75,0.869112,0.047121
76,3.82723,0.376964
77,0.005236,0.109947
78,0.382198,0.141362
79,0.057592,0.005236
80,3.37696,0.612565
81,3.04712,0.314137
82,0.481676,0.261781
83,0,0.020942
84,0.3822,0.041885
85,0.387434,0.08377
86,0,0.146596
87,0.146599,0.041885
88,0.267017,1.35079
89,0.031414,0.010472
90,0.005236,0.157067
91,0,0.073298
92,0.178009,0.057593
93,0,0.151832
94,0.109948,0.010471
95,0,0.115183
96,0.120419,0.026178
97,0.047121,0.099476
98,0.340314,0.057593
99,0.010471,0.115184
100,0.010472,0.03665
101,0.471206,0.005236
102,3.13089,0
103,0,0.04712
104,0.036649,0.010472
105,5.54974,0.57068
106,0,0.104711
107,0,0.057591
108,0.026178,0.010471
109,0,0.12042
110,0,0.115184
111,0.041884,0.031414
112,0.125655,0.015707
113,3.09947,0.21466
114,0.188482,0.041885
115,0.130891,0.052357
116,0.015707,0.010472
117,0.591623,0
118,0.319372,0.020943
119,0.602094,0.623038
120,0.141362,0.015708
121,0,0.167539
122,0.272251,0
123,0,0.078534
124,3.16754,0.230366
125,0.052356,0.026178
126,0.010471,0.083771
127,0.6178,0.031414
128,0.649214,0.078535
129,3.10995,0.251308
130,0.02618,0.455509
131,1.37697,0.85864
132,0.015707,0.062826
133,0.026179,0.020943
134,0.026178,0.115185
135,0.193718,0.047121
136,0,0.078534
137,0.094241,0.010471
138,0.617801,0.005236
139,8.94241,0.005236
140,13.2565,0
141,0.78534,0.115184
142,0,0.041885
143,0,0.073298
144,0.057592,0.136125
145,0,0.104714
146,0,0.13089
147,0.219896,0.036649
148,0,0.036649
149,0.863875,0.633511
150,0.020942,0.240838
151,0.020942,0.036649
152,0.230367,0.068064
153,0.413614,0.82199
154,0.193718,0.015708
155,1.41362,0
156,0.026178,0.062827
157,2.70681,0.46597
158,0.916231,0.19372
159,0,0.089006
160,0.005236,0.099477
161,0.104713,0.052356
162,7.089,0.020942
163,0.005236,0.183247
164,0.151832,0.026178
165,0.026179,1.72253
166,0.821988,0
167,0.225132,0.089006
168,0.623036,0.099478
169,2.41361,0.057592
170,0,0.109947
171,1.30367,0.172776
172,0.492147,0.020943
173,0,0.073299
174,0.183247,0.230365
175,0.005236,0.146597
176,0.015707,0.041886
177,0,0.104712
178,0.010471,1.69111
179,0,0.104712
180,0.397905,0.031414
181,0.03665,0.010472
182,0.020944,1.21471
183,0,0.068064
184,0.37173,0.193716
185,0.424084,0.020943
186,0.172775,0.015707
187,0.005236,0.036649
188,0,0.115183
189,0.010471,0.083769
190,0,0.068063
191,0.052356,0.020944
192,0.120419,0.015707
193,0.020943,0.08377
194,0,0.031414
195,0,0.073298
196,3.19372,0.246075
197,0.015707,0.089006
198,0.005236,0.099477
199,0.392671,0.303666
200,2.17277,0.083771
201,0.047122,0.026178
202,0.162303,0.020943
203,0.612566,0.70157
204,0.157069,0.026178
205,0.062829,1.21466
206,0,0.47121
207,0,0.068063
208,0.026179,0.005236
209,0.020943,0.068063
210,1.42932,0.256547
211,2.74869,0.256544
212,0.010472,0.272252
213,0.486913,0.303663
214,0.612564,0.130891
215,0.303666,0.130889
216,0.078536,0.026178
217,0.759161,0.005236
218,0.026178,0.76964
219,0.005236,0.130892
220,0.041885,0.015707
221,0.020944,0.010471
222,0.539267,0.188482
223,0.17801,0.047121
224,0,0.015707
225,3.01047,0.209424
226,0.036652,0.031414
227,0.015707,0.083769
228,0.151833,0.052356
229,0.005236,0.251317
230,0.026178,0.031413
231,0.774873,1.09424
232,0,0.08377
233,1.13613,0.005236
234,0.005236,0.125655
235,0.146598,0.670161
236,0.298427,1.28796
237,0,0.057591
238,2.58115,6.44502
239,2.68063,0.198955
240,1.69633,0.188481
241,2.96335,0.198953
242,0.267015,0.026178
243,0.036649,0.125656
244,10.911,0.010471
245,0.005236,0.057592
246,0,0.125655
247,0.926702,0.36649
248,0.047121,0.005236
249,0.115184,0.010471
250,0,0.062827
251,0.057592,0.073299
252,0.057592,0.089004
253,0.005236,0.015707
254,0.356019,0.031414
255,0.492144,0
256,2.49738,0.136127
257,0.219894,0.015707
258,0.094241,0
259,0.083769,0.010471
260,0.732984,0.680629
261,0.146598,0.010471
262,1.00523,0
263,0.72775,0.193718
264,0.219896,0.010471
265,0.073301,0.10995
266,0.3822,0.010471
267,0,0.068062
268,0.125656,0.104713
269,0.308902,0.020943
270,0,0.261781
271,0.109949,0.031414
272,0.172777,0.010472
273,0.005236,0.03665
274,0.04712,0.020943
275,0.005236,0.115183
276,2.17277,0.209424
277,0.575918,0.031415
278,0.026179,0.204188
279,0.010471,0.036649
280,7.17801,7.36125
281,0,0.099477
282,0.219895,0.031414
283,2.54974,0.17801
284,0.005236,0.057592
285,1.63874,0.104714
286,11.6963,0.005236
287,0.230368,0.015707
288,0.020942,0.015707
289,0,0.020943
290,0.209425,0.492145
291,0.020943,0
292,0,0.068063
293,0,0.057593
294,0.445027,0.481676
295,0.738219,1.6911
296,1.52356,0
297,0,0.09424
298,0.157068,0.026178
299,0.240838,0.010471
300,1.26702,0
301,0.827224,0.010471
302,0.005236,0.057592
303,0.062827,0.03665
304,0.068064,0
305,0.010471,0.015707
306,0.078534,0.047121
307,0,0.04712
308,0.078536,0.020942
309,3.37696,0.130891
310,1.8534,0.047121
311,0.094242,1.45026
312,0.031415,0.026178
313,0.015707,0.125654
314,0,0.020943
315,0.073298,0.015707
316,0.005236,1.03142
317,0.03665,0.010471
318,0.015707,0
319,0.005236,0.005236
320,1.06283,0.607332
321,0.062828,0
322,0.020943,0
323,0.596861,0
324,0.015707,0.010471
325,6.74346,0
326,0,0.026178
327,0.361258,0.136129
328,0.005236,0.03665
329,0,0.073299
330,0.256543,0.209424
331,2.19895,0
332,0.659686,0.193718
333,0.010471,0.125657
334,0.267016,0.136127
335,0.947643,0.287959
336,0,0.08377
337,0.020943,0.047121
338,0.020942,0.026178
339,0,0.052356
340,2.70157,0.193718
341,0.528796,0.26178
342,0.08377,0.015707
343,0.277487,0.308903
344,4.49739,0
345,0,0.026178
346,0.010471,0.04712
347,1.25654,0.073299
348,0.649217,1.3665
349,0.172775,0
350,0.068064,0
351,1.98429,0.005236
352,0,0
353,0.502621,0.015707
354,1.911,0.104713
355,0,0.010471
356,0.005236,0.010471
357,2.26178,0.099476
358,0.020943,0.418847
359,0,0.104711
360,0.146596,0
361,0.235603,0.031414
362,0.078534,0.130891
363,0.146598,0
364,0.005236,0.157069
365,4.18849,0
366,2.3979,0.251309
367,0.010471,0
368,0.03665,0.005236
369,0.937172,0
370,0.078535,0.14136
371,0,0.052356
372,0.219896,0.020942
373,0.031414,0.02618
374,0.031413,0.005236
375,0.376965,0
376,0.403141,0
377,0,0.057592
378,0.17801,0.010471
379,2.03141,0.136125
380,0,0.083771
381,0,0.020942
382,0.408374,0.261779
383,0.078535,0.015707
384,0.068064,0.13089
385,0,0.005236
386,0.005236,0.062832
387,0.109948,0.020942
388,0.115183,0.005236
389,2.27225,0.109947
390,0.680627,0.361256
391,0.387437,0
392,0.141363,0.005236
393,0.094243,0.005236
394,0.408377,0.03665
395,0.183246,0.041885
396,0,0.136125
397,0.58115,1.89005
398,2.03141,0.172775
399,0.560209,0.041885
400,0,0.062827
401,8.42932,0.015707
402,0.183247,0.026178
403,0.052356,0.020943
404,0.450261,0.287958
405,1.40838,0.151832
406,0.03665,0.052357
407,0.115184,0.010471
408,0.068063,0.015707
409,0,0
410,0.005236,0.041884
411,0.219894,0.026178
412,0.293195,0.335079
413,0.057591,0.047121
414,0.005236,0.047121
415,0.010471,0
416,3.00001,0
417,0.455496,0.047121
418,0,0.026178
419,2.26701,0
420,0,0.03665
421,0,0.015707
422,0.010471,0.031414
423,0.387436,0.230368
424,0.005236,0.052356
425,0,0.026178
426,0.732986,0
427,0,0.015707
428,0.005236,0.036649
429,0.052356,0.020942
430,0.005236,0
431,0.041885,0
432,0.099476,0.005236
433,0.010472,0.031413
434,0.240838,0.015707
435,0.08377,0.020942
436,0.08377,0.020942
437,0.267015,0.020943
438,0.837698,0.455495
439,0.125655,0
440,0.062828,0.015707
441,0.340314,0
442,0.068063,0.036649
443,0.078536,0.031414
444,0.020943,0.041886
445,0.026179,0.015707
446,0.031414,0.005236
447,0.120421,0
448,0.010471,0.104713
449,0.445026,0.973823
450,0.005236,0.005236
451,0.460735,0.230367
452,2.10471,0.104712
453,0,0.015707
454,0.670157,0.486913
455,0.020942,0.062828
456,0.089006,0.026178
457,0.026178,0.005236
458,0.188481,0.015707
459,0.010472,0.005236
460,0.267015,0.40314
461,0.303665,0.25131
462,0.010471,0
463,1.51309,0.21466
464,0.031414,0
465,0,0.010471
466,0,0.020943
467,0.256545,0.031414
468,0,0.010472
469,0.13089,0
470,0,0.020942
471,8.78534,0
472,0.015707,0.020943
473,0,0
474,0.005236,0.03665
475,0,0
476,0.052357,0.015707
477,1.18848,0.031414
478,0.40314,0.27225
479,0.664924,0.015707
480,0.083771,0.591624
481,0.727749,0.502618
482,0.13089,0.020942
483,5.57592,0.005236
484,0.015707,0
485,0.565446,0.010472
486,0,0.03665
487,0.476439,0.905763
488,0,0.010471
489,0.005236,0.04712
490,0.13089,0.356021
491,0.586387,0.010471
492,0.314135,0.157068
493,3.39267,1.41885
494,1.25654,0.047121
495,0.005236,0.005236
496,0.04712,0.005236
497,1.85864,0
498,1.14661,0.005236
499,0.052358,0.691099
500,0.068063,0.041884
501,0.005236,0.020942
502,0.790577,0.764399
503,0.068063,0.031413
504,0,0.015707
505,0.005236,0
506,0.979058,0.08377
507,0,0.010471
508,0.146597,0.141361
509,0.141361,0.005236
510,1.08377,0.052356
511,0,0.015707
512,0.010472,0.010471
513,0,0.005236
514,0.052356,0.015707
515,4.17801,0.010471
516,0.136125,0
517,0.371727,0.120419
518,0,0.026178
519,3.24084,0.005236
520,0.010471,0.083771
521,0.445028,0.235603
522,0,0.015707
523,0.198953,0.062827
524,0.005236,0.010472
525,0.031413,0.026178
526,0,0.026178
527,0.010472,0
528,0,0.020942
529,0,0.293194
530,0.057592,0.010471
531,0,0
532,1.43455,0.141361
533,0,0.020942
534,0,0
535,0.010471,0
536,0.036649,0.010471
537,0.015707,0
538,0.246076,0
539,1.17801,0.157068
540,0.167541,0
541,0.020943,0
542,0.062827,0.041886
543,1.28273,0.005236
544,2.16754,0
545,0.099476,0.062828
546,0.753927,0.214663
547,0,0.047122
548,0.350787,0.167538
549,0.005236,0.162304
550,0.015707,0.020942
551,0.052356,0.026178
552,0,0.005236
553,0,0.005236
554,0,0.010471
555,0.340314,0.151833
556,0.026178,0
557,0.026179,0.261781
558,0.015707,0.015707
559,0.078534,0.015707
560,0.015707,0
561,0.282723,0.361257
562,0,0
563,0.078535,0.068064
564,0.052356,0.047121
565,0.005236,0.020942
566,0.010472,0.057592
567,0,0.020943
568,0.031414,0
569,0.015707,0.005236
570,0.471204,0
571,3.20942,0
572,0.036649,0.005236
573,1.75393,0
574,0.052357,0
575,0,0
576,0,0
577,0.026178,0.005236
578,0.267015,0.109946
579,0.005236,0.015707
580,0.015707,0.005236
581,0,0
582,0,0
583,0.005236,0.015707
584,0.031414,0.015707
585,0.068063,0.005236
586,0.460733,0.130891
587,0.015707,0.020942
588,0.005236,0.005236
589,0,0.015707
590,0,0
591,0.020942,0.026178
592,0.162302,0.010472
593,1.25131,0
594,0,0
595,0.010471,0
596,0.057592,0
597,0.015707,0.020942
598,0.937173,0.104712
599,0,0.005236
600,0,0.010472
601,0.010471,0.020942
602,0.172775,0.036649
603,0.005236,0.010471
604,0,0.03665
605,0,0.329844
606,0.010471,0.010472
607,1.19895,0.068063
608,0,0
609,0,0.031413
610,0,0.005236
611,0,0.020942
612,0.005236,0.010471
613,0.020942,0.078534
614,0,0
615,0,0.020943
616,0.910992,0.062827
617,0.005236,0
618,0,0.020942
619,0.010471,0.015707
620,0.82199,0.052356
621,0,0.015707
622,0.04712,0.005236
623,0.005236,0
624,0.041884,0.026178
625,0.282721,0.104711
626,0.031414,0
627,0.026178,0.036649
628,0,0
629,0,0.031414
630,0.026178,0.015707
631,0.026178,0.015707
632,0.020942,0.031414
633,0.020942,0
634,0.219895,0.005236
635,0,0.005236
636,0.005236,0.429322
637,0.026178,0.015707
638,0.267015,0.141362
639,0.005236,0
640,2.62827,0
641,0.146597,0
642,0,0.026178
643,0,0.010471
644,0.450263,0
645,2.48691,0.183247
646,0.04712,0.151834
647,0,0.104712
648,4.10471,0
649,0,0.057592
650,0,0.020942
651,1.3089,0
652,0.005236,0.031414
653,1.45026,0
654,0.13089,0.015707
655,0,0
656,0,0.005236
657,0,0.015707
658,0,0.015707
659,0,0.015708
660,0.068063,0.089007
661,0,0.005236
662,0.073298,0.115185
663,0.57068,0.041885
664,0,0.010471
665,0.010471,0.010472
666,0.706806,0.031414
667,0,0
668,0,0.010472
669,0.005236,0
670,0,0
671,0,0.036649
672,0.08377,0
673,0,0.036649
674,0,0
675,0,0.068063
676,0,0
677,0.020943,0.010472
678,0,0
679,0.031413,0.005236
680,0,0
681,0.015708,0
682,0,0
683,0.041885,0
684,0.041885,0.005236
685,0,0
686,0,0.026178
687,0.020943,0.115183
688,0.062827,0.031414
689,0,0
690,0,0
691,0.031414,0.031414
692,0.047121,0.350786
693,0.507854,0.026178
694,0,0
695,0.13089,0.026178
696,0.041885,0
697,0,0
698,0.005236,0
699,0.015707,0.03665
700,0,0.04712
701,0.539267,0
702,0,0.005236
703,0,0
704,0.429319,0.026178
705,0.811518,0.026178
706,0,0.010471
707,0,0
708,0,0.010471
709,0.010472,0
710,0,0
711,1.18848,0
712,0,0.031413
713,0,0.015707
714,0.047121,0.057592
715,0,0.020943
716,0,0
717,0,0.005236
718,0.010472,0.026179
719,0.041885,0.052356
720,0,0.020943
721,0.041886,0.015707
722,0,0.010471
723,0,0.005236
724,0.465968,0.020942
725,0,0
726,0,0
727,0,0.020942
728,0.005236,0.04712
729,0,0
730,0,0.010471
731,0.005236,0
732,0.04712,0.010471
733,0,0
734,0,0
735,0,0
736,0.078535,0
737,0,0
738,0.026178,0
739,0,0
740,0,0
741,1.15707,0.010471
742,0,0.005236
743,0,0
744,0,0.026178
745,0.010471,0
746,0,0.010471
747,0,0.010471
748,0.27225,0.020942
749,0.089004,0
750,0.670157,0
751,0,0
752,0,0
753,0,0
754,0.010471,0
755,0.230366,0.031414
756,0.225132,0
757,0.068062,0.026178
758,0,0.005236
759,0,0.010472
760,0,0
761,0,0.005236
762,0,0
763,0,0.020942
764,0,0
765,0,0.010471
766,0.031414,0
767,0.842933,0.015707
768,0.005236,0
769,0,0
770,0,0.010471
771,0.575917,0.209426
772,0.04712,0
773,0,0
774,0,0.036649
775,0.026178,0
776,0,0.005236
777,0,0
778,0.005236,0
779,0,0
780,0,0.010471
781,0,0.020942
782,0,0
783,0.293194,0
784,0,0
785,0,0.005236
786,0,0.010471
787,0,0
788,0.413613,0
789,0.031414,0
790,0,0.010471
791,0,0.031415
792,0,0
793,0,0.015707
794,0.020942,0
795,0,0.031414
796,0.157068,0
797,0,0
798,0,0
799,0,0
800,0,0.005236
801,0.115184,0
802,0,0.020942
803,0,0
804,0,0
805,0,0.020942
806,0,0
807,0,0
808,0,0
809,0,0
810,0,0.026178
811,0,0
812,0,0.172777
813,0,0
814,0,0
815,0,0
816,0,0
817,0,0
818,0,0
819,0,0
820,0,0
821,0.020942,0
822,0.005236,0
823,0,0
824,0,0
825,0,0
826,0,0
827,0,0
828,0,0
829,0,0
830,0,0
831,0.026178,0
832,0,0
833,0,0
834,0,0
835,0,0
836,0,0
837,0,0
838,0,0
839,0,0
Imbalance analysis (in edges contribution):
Vertex,PositiveSum,NegativeSum
0,0,0
1,0,0
2,0,0
3,0,0
4,0,0
5,0,0
6,0,0
7,0,0
8,0,0
9,0,0
10,0,0
11,0,0
12,0,0
13,0,0
14,0,0
15,0,0
16,0,0
17,0,0
18,0,0
19,0,0
20,0,0
21,0,0
22,0,0
23,0,0
24,0,0
25,0,0
26,0,0
27,0.13089,0
28,0,0
29,0.13089,0
30,0,0
31,0,0
32,0,0
33,0,0
34,0,0
35,0,0
36,0.073298,0.041885
37,0,0.026178
38,0,0
39,0,0.031414
40,0,0
41,0.136126,0
42,0,0
43,0,0
44,0,0
45,0.036649,0
46,0,0
47,0.057592,0.005236
48,0,0
49,0,0
50,0.089005,0
51,0,0
52,0,0
53,0,0
54,0,0
55,0,0
56,0.026178,0
57,0.005236,0
58,0,0.078534
59,0.031414,0.04712
60,0,0.010471
61,0,0
62,0,0
63,0,0.005236
64,0.026178,0.015707
65,0,0
66,0,0.005236
67,0.005236,0.010472
68,0,0
69,0,0
70,0,0
71,0,0
72,0.068063,0
73,0,0
74,0,0
75,0.109948,0
76,0.125654,0.04712
77,0,0
78,0.015707,0.015707
79,0,0
80,0.120419,0.04712
81,0.104712,0.04712
82,0,0
83,0,0
84,0.015707,0.015707
85,0.010471,0.010472
86,0,0
87,0,0.010471
88,0.020943,0.183246
89,0,0
90,0,0.005236
91,0,0
92,0.010471,0
93,0,0
94,0,0
95,0,0
96,0,0.031414
97,0,0
98,0.015707,0.005236
99,0,0
100,0,0
101,0.010471,0
102,0.340315,0
103,0,0
104,0.005236,0
105,0.287958,0.047121
106,0,0
107,0,0
108,0,0
109,0,0
110,0,0
111,0,0.005236
112,0,0
113,0.099477,0.031413
114,0.010471,0
115,0,0.026178
116,0,0
117,0.078534,0
118,0,0
119,0,0.041885
120,0,0
121,0,0
122,0,0
123,0,0
124,0.099476,0.026178
125,0,0
126,0,0
127,0.015707,0.010471
128,0.036649,0.005236
129,0.104712,0.031414
130,0,0.089009
131,0.225131,0.18848
132,0,0
133,0,0.005236
134,0,0
135,0,0
136,0,0
137,0,0
138,0.020942,0
139,1.67016,0
140,2.64397,0
141,0.094242,0.010472
142,0,0
143,0,0
144,0,0
145,0,0
146,0,0
147,0.031414,0.010471
148,0,0
149,0.172775,0.026178
150,0,0
151,0,0
152,0.026178,0.026179
153,0.057592,0.125654
154,0.020942,0
155,0.34555,0
156,0,0
157,0.382198,0.078534
158,0.031414,0.026179
159,0,0
160,0,0
161,0,0
162,1.26702,0.005236
163,0,0
164,0.031414,0
165,0.010472,0.32461
166,0.094241,0
167,0.036649,0.020943
168,0.188482,0.03665
169,0.523561,0.020942
170,0,0
171,0.303665,0.015708
172,0.120419,0
173,0,0
174,0.020942,0.036651
175,0,0
176,0,0.010471
177,0,0
178,0,0.335079
179,0,0
180,0.026178,0
181,0.005236,0
182,0.005236,0.340327
183,0,0
184,0.209424,0.057592
185,0.052356,0.020942
186,0,0.015707
187,0,0
188,0,0
189,0,0
190,0,0
191,0,0
192,0.026178,0.026178
193,0,0
194,0,0
195,0,0
196,0.455496,0.125654
197,0,0
198,0,0
199,0.041885,0.041886
200,0.256545,0.026178
201,0,0.031414
202,0.015707,0.010471
203,0.272252,0.094242
204,0,0.020943
205,0.010471,0.277487
206,0.005236,0.04712
207,0,0
208,0,0
209,0,0
210,0.240838,0.183247
211,0.413611,0.125656
212,0,0.005236
213,0.183246,0.057592
214,0.125654,0.083769
215,0.020942,0.057592
216,0.005236,0
217,0.204189,0.010471
218,0,0.172776
219,0,0
220,0,0.005236
221,0,0.005236
222,0.345549,0.041886
223,0.036649,0.005236
224,0,0.005236
225,0.455497,0.125655
226,0.005236,0.020942
227,0,0
228,0.020942,0
229,0,0.068068
230,0,0.005236
231,0.502617,0.329843
232,0,0
233,0.157068,0.005236
234,0.015707,0.010471
235,0.020942,0.225132
236,0.047121,0.41885
237,0,0
238,0.727748,2.48168
239,0.806285,0.109947
240,0.272251,0.219896
241,0.445026,0.314137
242,0.010471,0.015707
243,0,0
244,4.37173,0
245,0,0
246,0,0
247,0.324608,0.146597
248,0,0.03665
249,0,0
250,0,0
251,0,0
252,0,0
253,0.010471,0
254,0.099476,0.020942
255,0.08377,0
256,0.554974,0.261781
257,0.13089,0
258,0.026178,0.036649
259,0.020942,0.010472
260,0.507853,0.246074
261,0.031413,0.026178
262,0.198953,0.036649
263,0.246073,0.104713
264,0.052356,0.020943
265,0.020943,0.015707
266,0.120418,0.005236
267,0,0
268,0.020943,0.005236
269,0.047121,0.047121
270,0,0.005236
271,0.08377,0.005236
272,0.036649,0.026178
273,0,0
274,0,0.005236
275,0,0
276,0.497382,0.256546
277,0.130891,0.041886
278,0,0
279,0,0
280,2.34031,4.80628
281,0,0.04712
282,0.041885,0.026179
283,0.575916,0.230368
284,0.005236,0.052356
285,0.397906,0.157069
286,6.50785,0
287,0.094242,0.031414
288,0,0.031414
289,0,0.026178
290,0.089006,0.183247
291,0.005236,0
292,0,0.078534
293,0,0.052356
294,0.293194,0.188481
295,0.277486,1.18324
296,0.52356,0
297,0,0.120419
298,0.036649,0.026178
299,0.115183,0.020942
300,0.774869,0
301,0.314136,0.052356
302,0,0.073298
303,0,0.010471
304,0,0
305,0,0.041885
306,0.041885,0.010472
307,0,0.052356
308,0.005236,0.026179
309,1.11518,0.172774
310,0.60733,0.083769
311,0.036649,0.696332
312,0,0.08377
313,0,0.115183
314,0,0.073298
315,0.026178,0.057592
316,0,0.638747
317,0,0.020943
318,0,0.005236
319,0,0.036649
320,0.460734,0.287959
321,0.04712,0.031413
322,0.015707,0.005236
323,0.240838,0.015707
324,0,0.020943
325,4.62827,0
326,0,0.062827
327,0.115184,0.104713
328,0,0.068063
329,0,0.083769
330,0.099476,0.099476
331,1.25131,0
332,0.335077,0.099478
333,0,0.08377
334,0.115182,0.073299
335,0.518323,0.172777
336,0,0.089005
337,0,0.115184
338,0,0.041884
339,0,0.041885
340,1.08377,0.3089
341,0.287958,0.136126
342,0,0.026178
343,0.109948,0.251309
344,3.00523,0.015707
345,0,0.057591
346,0,0.057591
347,0.832459,0.062828
348,0.314136,1.42933
349,0.146598,0.005236
350,0.026178,0.005236
351,1.57068,0
352,0,0.010471
353,0.670159,0
354,0.958115,0.198953
355,0,0.052356
356,0,0.031413
357,1.16754,0.261782
358,0.005236,0.308903
359,0,0.104712
360,0.089006,0.026178
361,0.104712,0.062828
362,0.026179,0.073298
363,0.073299,0.005236
364,0,0.136126
365,3.63351,0
366,1.34031,0.340316
367,0,0
368,0,0.010472
369,0.534033,0
370,0,0.136126
371,0,0.057592
372,0.109948,0.031414
373,0,0.015708
374,0.026178,0.078535
375,0.361256,0
376,0.528796,0
377,0,0.057591
378,0.104712,0.020943
379,1.06806,0.235602
380,0,0.08377
381,0,0.062827
382,0.225131,0.392671
383,0.005236,0.041885
384,0.020942,0.151832
385,0,0.010471
386,0.015708,0.036651
387,0.099476,0.041886
388,0.026179,0
389,1.32461,0.240839
390,0.382197,0.293193
391,0.209425,0.010471
392,0.068063,0.026178
393,0.078536,0
394,0.183246,0.104712
395,0.057592,0.068064
396,0,0.104712
397,0.434555,1.97383
398,1.08901,0.277489
399,0.371727,0.115183
400,0,0.0733
401,9.53403,0
402,0.193718,0.036649
403,0.020943,0.036649
404,0.350785,0.240838
405,1.04712,0.261782
406,0.136125,0.041885
407,0.104712,0.03665
408,0.015707,0.020943
409,0,0.052356
410,0,0.09424
411,0.198953,0.026178
412,0.193717,0.314136
413,0.036649,0.020943
414,0,0.115183
415,0,0.057591
416,3.51309,0
417,0.387436,0.057592
418,0,0.036649
419,2.42408,0
420,0,0.057592
421,0.005236,0.052356
422,0,0.052356
423,0.235602,0.219894
424,0,0.062827
425,0,0.078534
426,0.764397,0
427,0,0.031413
428,0,0.094241
429,0.026178,0.03665
430,0.005236,0.015707
431,0.052356,0
432,0.073298,0.020942
433,0,0.026178
434,0.141363,0.020942
435,0.057592,0.036649
436,0.062828,0.010472
437,0.209424,0.052357
438,0.816754,0.471204
439,0.094241,0.047122
440,0.057592,0.047121
441,0.492146,0
442,0.089006,0.026178
443,0.104713,0.04712
444,0,0.031413
445,0,0.041884
446,0,0.005236
447,0.104712,0.005236
448,0,0.151832
449,0.418848,1.04189
450,0,0.041885
451,0.20419,0.188482
452,1.63874,0.214661
453,0,0.089005
454,0.795811,0.596858
455,0.026178,0.109947
456,0.141362,0.052357
457,0.026178,0.015707
458,0.141361,0.03665
459,0,0.005236
460,0.141361,0.319372
461,0.188483,0.267015
462,0.015707,0.03665
463,1.19372,0.413613
464,0.031414,0.03665
465,0,0.041885
466,0,0.068063
467,0.219896,0.020942
468,0,0.052356
469,0.157068,0.005236
470,0,0.068063
471,11.8744,0
472,0,0.057592
473,0,0
474,0,0.068063
475,0.109948,0.031413
476,0.026178,0.062827
477,1.19372,0.078535
478,0.261782,0.282721
479,1.20943,0
480,0.109948,0.984299
481,0.96335,0.534033
482,0.214661,0.068062
483,7.81152,0.005236
484,0.005236,0
485,0.87958,0.057592
486,0,0.041885
487,0.51309,1.62304
488,0,0.005236
489,0.010471,0.13089
490,0.162304,0.680626
491,1.32461,0
492,0.267017,0.303664
493,4.36649,2.59686
494,1.43979,0.109949
495,0,0.04712
496,0.010472,0.041886
497,4.01047,0.020942
498,2.32987,0
499,0.104715,1.27749
500,0.062828,0.078534
501,0,0.031414
502,1.28272,1.3089
503,0.08377,0.068063
504,0,0.062828
505,0.031414,0.041885
506,1.34031,0.193717
507,0,0.026178
508,0.089006,0.371728
509,0.397906,0.078534
510,1.40838,0.193719
511,0,0.052356
512,0.057591,0.015707
513,0,0.062827
514,0.16754,0.020943
515,7.88482,0.036649
516,0.617802,0
517,0.314136,0.335077
518,0,0.057592
519,5.67016,0
520,0.005236,0.235607
521,0.445025,0.539267
522,0,0.08377
523,0.214659,0.188482
524,0.062828,0.020943
525,0.089006,0.141362
526,0,0.057592
527,0.020943,0.020943
528,0,0.099476
529,0,0.596858
530,0.350786,0.010471
531,0,0.031414
532,2.35078,0.335078
533,0,0.047121
534,0,0.015707
535,0.068062,0.005236
536,0.068062,0.010471
537,0.04712,0.026178
538,1.12566,0
539,1.92146,0.434556
540,0.816755,0
541,0.041886,0.010472
542,0.020942,0.026178
543,3.17279,0.031414
544,3.96335,0
545,0,0.047121
546,1.64398,0.612565
547,0,0.287964
548,0.439793,0.44503
549,0.020942,0.413616
550,0.047121,0.068063
551,0.251308,0.094242
552,0,0.089006
553,0,0.062827
554,0,0.031413
555,0.26178,0.413612
556,0.230368,0.005236
557,0.10995,0.884816
558,0.267016,0.020943
559,0.366493,0.047121
560,0.005236,0
561,0.335079,0.450262
562,0.005236,0.020943
563,0.167547,0.151836
564,0,0.146597
565,0,0.057593
566,0.010472,0.115184
567,0.020942,0.041885
568,0.146597,0.005236
569,0.068064,0.020943
570,1.75393,0
571,7.0576,0
572,0.282722,0.005236
573,4.09948,0.015707
574,0.167539,0
575,0,0.052356
576,0,0.057593
577,0.193718,0.015707
578,0.277488,0.356025
579,0,0.188481
580,0.130891,0.026178
581,0,0.073299
582,0.020942,0.026178
583,0.015707,0.047121
584,0.094241,0.031414
585,0.502618,0.010472
586,0.340314,0.366493
587,0.120418,0.031414
588,0.026178,0.198953
589,0,0.052356
590,0.099476,0.125655
591,0.08377,0.130891
592,0.162303,0.209426
593,5.73822,0
594,0.010471,0.12042
595,0.041885,0.157068
596,0.099477,0.047121
597,0,0.057592
598,2.52356,0.303666
599,0.041885,0.020943
600,0,0.146597
601,0.036649,0.178012
602,0.602094,0.13089
603,0,0.099476
604,0.010472,0.036652
605,0.020942,0.937168
606,0,0
607,3.21466,0.256546
608,0.010471,0.015707
609,0,0.08377
610,0.005236,0.062827
611,0,0.083771
612,0.267016,0.015707
613,0.062827,0.036649
614,0.020943,0.015707
615,0,0.146597
616,2.58639,0.303666
617,0.089007,0.083771
618,0,0.099477
619,0.005236,0.020943
620,2.1623,0.157069
621,0,0.099477
622,0.246073,0.010472
623,0,0.125654
624,0.225132,0.03665
625,0.397907,0.397906
626,0.193717,0
627,0.261779,0.068063
628,0,0.04712
629,0.010471,0.041886
630,0.073299,0.031414
631,0.115185,0.026178
632,0.162304,0.036651
633,0.08377,0.020943
634,0.376967,0.005236
635,0.005236,0.026178
636,0.026178,1.97383
637,0.109949,0.015708
638,0.366493,0.570679
639,0.026178,0.057591
640,8.31414,0
641,0.60733,0
642,0.005236,0.041885
643,0.010471,0.141361
644,2.83771,0
645,5.22513,0.759163
646,0.445026,0.57068
647,0.43979,0.319373
648,14.3665,0
649,0.010471,0.193717
650,0.099476,0.057593
651,4.28272,0
652,0,0.068064
653,4.44502,0
654,0.654449,0.041885
655,0.020942,0.094241
656,0.020943,0.209424
657,0.068062,0.052356
658,0,0.057592
659,0.015707,0.068065
660,0.25131,0.136127
661,0.005236,0.073298
662,0.565443,1.12043
663,2.8534,0.413613
664,0,0.089005
665,0.183245,0.020944
666,3.26702,0.314137
667,0.010471,0.026178
668,0.005236,0.052356
669,0.015707,0.015707
670,0,0.109948
671,0.062828,0.015707
672,0.392672,0.010471
673,0,0.036649
674,0.267015,0.020942
675,0,0.115183
676,0.005236,0.010471
677,0.120421,0.062828
678,0.036649,0.005236
679,0.26178,0.041885
680,0.026179,0.010472
681,0.204189,0.036651
682,0.010471,0.041885
683,0.319373,0
684,0.523561,0.020942
685,0.068063,0.005236
686,0.005236,0.089005
687,0.256545,1.18848
688,0.450263,0.020943
689,0.052356,0.005236
690,0.230365,0.010471
691,0.701571,0.219896
692,0.3822,2.71205
693,2.58115,0.219895
694,0,0.235602
695,0.806284,0.39267
696,0.361257,0.078535
697,0,0.015707
698,0.287957,0.036649
699,0.471202,0.17801
700,0,0.078534
701,1.4555,0
702,0.010471,0.068063
703,0.261782,0.015707
704,2.55497,0.879582
705,3.69633,0.445028
706,0,0.115183
707,0.057593,0.010471
708,0,0.04712
709,0.04712,0.026179
710,0.350784,0.078535
711,7.36649,0
712,0,0.073298
713,0.020943,0.005236
714,0.413615,0.340315
715,0.005236,0.083771
716,0.120419,0
717,0.005236,0.062827
718,0.523561,0.251314
719,0.596856,1.18326
720,0,0.162303
721,0.219895,0.026179
722,0,0.115183
723,0.680629,0.146596
724,3.18325,0.649216
725,0.214659,0.109949
726,0.371727,0.026178
727,0,0.036649
728,0.329844,0.460735
729,0.005236,0.020942
730,0,0.041885
731,0.272252,0.303666
732,0.591624,0.183247
733,0.08377,0.026179
734,0.183246,0.047122
735,0,0.005236
736,0.759163,0.041885
737,0.172775,0.020942
738,0.031415,0.052357
739,0.319374,0.015707
740,0.099477,0.073299
741,8.08377,0
742,0,0.099477
743,0,0.026178
744,0.068064,1.75916
745,0.146595,0
746,0.015707,0.005236
747,0,0.115183
748,2.46597,0.528798
749,0.481678,0.010471
750,5.2513,0
751,0,0.078534
752,0.057592,0.062827
753,0.005236,0
754,0.256544,0.005236
755,3.40838,0.50262
756,3.48691,0
757,2.75393,1.47644
758,0.455495,0.356021
759,0,1.43456
760,0.293195,0.062829
761,0.267016,0.041885
762,0,0.219897
763,0.031414,0.120418
764,0.188482,0.015707
765,0,0.073298
766,1.95288,0.670159
767,7.46073,0
768,0.052356,0
769,0.136127,0.020942
770,0.099478,0.005236
771,4.94765,1.22514
772,0.806283,0
773,0.267017,0.031413
774,0.031414,0.073299
775,0.13089,0
776,0.005236,0.047121
777,0.21466,0
778,0.198953,0.010471
779,0.335079,0.005236
780,0.057592,0.052356
781,0.078535,0.03665
782,0.141361,0
783,3.90576,0.020942
784,0.246074,0.02618
785,0.026178,0.062828
786,0.052356,0.005236
787,0.130892,0.041885
788,3.6911,0.015707
789,2,0
790,0.015708,0.026178
791,0.120422,0.015708
792,0.104713,0.041885
793,0.083769,0.015707
794,0.732982,0.052357
795,0.146597,0.057592
796,0.75393,0.005236
797,0.010471,0.010471
798,0.225132,0
799,0.041885,0.010471
800,0.151835,0
801,1.12566,0.005236
802,0.089006,0.010471
803,0.068064,0.005236
804,0.005236,0.068064
805,0.047121,0.005236
806,0.439793,0.010471
807,0.282723,0
808,0.020942,0.031414
809,0.481675,0
810,0,0.062827
811,1.45026,0.052356
812,5.09948,3.54451
813,1.15707,0.026178
814,1.17801,0.052356
815,0.109949,0.031413
816,0.083771,0.020943
817,0.047121,0.057592
818,0,0.041886
819,0.15707,0.031415
820,0.162305,0.010472
821,1.73822,0.125655
822,0.104711,0.015707
823,0.099478,0.026179
824,0.031414,0.083771
825,0.036649,0.031413
826,0.120419,0.020942
827,0.162305,0
828,0.151833,0.094242
829,0.062828,0.005236
830,0.094242,0.020942
831,1.0419,0.047121
832,0.738223,0.020944
833,0.125656,0.099476
834,0.6911,0.041888
835,0.130892,0.036651
836,0.136128,0.02618
837,0,0
838,0,0
839,0,0

Cluster contribution to imbalance analysis (cluster-cluster matrix):
0.356025, 164.524, 0.35602, 
199.649, 96.6548, 2.48169, 
0.005236, 0.445027, 0, 

