Global time spent: 7206.89
I(P) = 993.765
Clustering configuration: 
 Partition 0 (770): [ 0 1 2 3 4 5 6 7 8 9 10 11 12 13 14 15 16 17 18 19 20 21 22 23 25 26 27 28 29 30 31 32 34 35 37 38 39 40 42 43 44 45 46 47 48 49 50 51 52 53 54 55 56 57 58 59 60 61 62 63 64 65 66 67 68 69 70 71 73 74 76 77 78 79 80 81 82 83 84 85 86 87 88 89 90 91 92 93 94 95 96 97 98 99 100 101 103 104 105 106 107 108 109 110 111 112 113 114 115 116 118 119 120 121 122 123 124 125 126 127 128 129 130 131 132 133 134 135 136 137 138 139 140 141 142 143 144 145 146 147 148 149 150 151 152 153 154 156 157 158 159 160 161 163 164 165 167 168 170 171 172 173 174 175 176 177 178 179 180 181 182 183 185 186 187 188 189 190 191 192 193 194 195 196 197 198 199 200 201 202 203 204 205 206 207 208 209 210 211 212 214 215 216 218 219 220 221 222 223 224 225 226 227 228 229 230 231 232 233 234 235 236 237 238 240 241 242 243 244 245 246 247 248 249 250 251 252 253 254 256 258 259 260 261 262 263 264 265 266 267 268 269 270 272 273 274 275 276 277 278 279 280 281 282 283 284 285 286 287 288 289 290 291 292 293 295 296 297 298 299 301 302 303 304 305 306 307 308 309 310 311 312 313 314 315 316 317 318 319 321 322 323 324 325 326 327 328 329 330 332 333 334 335 336 337 338 339 340 342 343 344 345 346 347 348 349 350 352 354 355 356 357 358 359 360 361 362 363 364 365 366 367 368 370 371 372 373 374 377 378 379 380 381 382 383 384 385 386 387 388 389 390 391 392 393 394 395 396 397 398 399 400 402 403 404 405 406 407 408 409 410 411 412 413 414 415 417 418 420 421 422 423 424 425 427 428 429 430 431 432 433 434 435 436 437 438 439 440 442 443 444 445 446 447 448 449 450 451 452 453 454 455 456 457 458 459 460 461 462 463 464 465 466 467 468 469 470 472 473 474 475 476 477 478 480 481 482 483 484 485 486 487 488 489 490 492 493 494 495 496 499 500 501 502 503 504 505 506 507 508 509 510 511 512 513 514 517 518 519 520 521 522 523 524 525 526 527 528 529 530 531 532 533 534 535 536 537 539 542 545 546 547 549 550 551 552 553 554 555 556 557 558 559 560 561 562 563 564 565 566 567 568 569 572 575 576 577 578 579 580 581 582 583 584 585 586 587 588 589 590 591 592 593 594 595 597 598 599 600 601 602 603 604 605 606 607 608 609 610 611 612 613 614 615 616 617 618 619 620 621 622 623 624 625 626 627 628 629 630 631 632 633 634 635 636 637 638 639 641 642 643 644 645 646 647 649 650 652 654 655 656 657 658 659 660 661 662 663 664 665 666 667 668 669 670 671 672 673 674 675 676 677 678 679 680 681 682 683 684 685 686 687 688 689 690 691 692 693 694 695 696 697 698 699 700 702 703 704 705 706 707 708 709 710 711 712 713 714 715 716 717 718 719 720 722 723 724 725 726 727 728 729 730 731 732 733 734 735 736 737 738 739 740 741 742 743 744 745 746 747 748 751 752 753 754 755 757 758 759 760 761 762 763 764 765 766 767 768 769 770 773 774 775 776 777 778 779 780 781 782 784 785 786 787 789 790 791 792 793 794 795 797 798 799 800 801 802 803 804 805 806 807 808 809 810 811 812 813 814 815 816 817 818 819 820 822 823 824 825 826 827 828 829 830 832 833 835 836 837 838 ] 
 Partition 1 (69): [ 24 33 36 41 72 75 102 117 155 162 166 169 184 213 217 239 255 257 271 294 300 320 331 341 351 353 369 375 376 401 416 419 426 441 471 479 491 497 498 515 516 538 540 541 543 544 548 570 571 573 574 596 640 648 651 653 701 721 749 750 756 771 772 783 788 796 821 831 834 ] 

Imbalance analysis (out edges contribution):
Vertex,PositiveSum,NegativeSum
0,0.054687,1.04688
1,0.015624,0.195311
2,0,0.773437
3,5.99219,0.726556
4,0.343747,0.023438
5,0,1.46875
6,0.289061,0.093751
7,0.015625,1.92969
8,0,0.335936
9,0,0.531249
10,0.015625,0.367187
11,0,0.585936
12,0.023438,0
13,6.09375,6.14842
14,0.085937,0.093749
15,0.203124,0.023436
16,0,0.453125
17,0.140625,0.742188
18,0.03125,0.710937
19,0.359376,0.171874
20,0.117187,0.226563
21,0.289061,0.851563
22,0.007812,0.179688
23,0.023438,0.515624
24,34.6875,0
25,0,0.453121
26,0.015625,0.093749
27,0.906248,0.015624
28,0,0.304687
29,0.203125,0.187497
30,0.078124,0.210938
31,0.007812,0.203125
32,0.257811,0.085938
33,31.1562,0.023438
34,0.320312,0.046873
35,0,0.851562
36,23.5859,0.015625
37,0.109373,0.593752
38,0.007812,0.085934
39,0.132812,0.398431
40,0,0.914064
41,3.49219,0
42,0.007812,0.289064
43,0,0.71094
44,0.046874,0
45,0.054688,0.117187
46,0.015625,0.031249
47,0.593748,0.007812
48,0.210937,0.226562
49,0.062499,0.875002
50,9.77344,1.78906
51,0.046876,0.132812
52,0,0.343749
53,0.03125,0.585936
54,0.460936,0.031248
55,0.046875,0.40625
56,0.093748,0.234374
57,0.093748,0.343749
58,3.8125,1.36718
59,0.203125,0.039062
60,0.117186,0.03125
61,0,0.19531
62,0.007812,0.203125
63,0,0.546874
64,0.046873,0.039062
65,0,0.671874
66,0.109372,0.414062
67,0.09375,0.054687
68,0.007812,0.374998
69,0.039062,0.031249
70,7.53906,1.44531
71,0.023437,0.156249
72,3.39844,0.007812
73,0.078125,0
74,0,0.109373
75,8.64843,0.015625
76,0.249999,0.359375
77,0,0.437497
78,0.273436,0.085937
79,0.015625,0.898436
80,0.289062,0.265625
81,0.007812,0.726559
82,5.15625,0.749993
83,0.437498,0.359374
84,0.070312,0.257812
85,0.296874,0.125
86,0.015625,0.03125
87,0.124999,0.210938
88,0.078123,0.304684
89,0.015625,0.835938
90,0.062499,0.179688
91,0.023438,0.296874
92,0.22656,0.046876
93,0.054687,0.023438
94,0.398437,0.046875
95,0.015625,0.210936
96,0.187499,0.156251
97,0.078124,0.210936
98,0.5,0.007812
99,0,1.39062
100,0.156251,0.609374
101,0.390626,0.023438
102,15.2656,0
103,0.007812,0.273436
104,0.13281,0.085937
105,6.07031,0.039062
106,0.015624,0.585935
107,0,0.203127
108,0.007812,0.3125
109,0.03125,0.203125
110,0,0.359376
111,0.117187,0.085938
112,0.046874,0.16406
113,0.507812,0.21875
114,0.273437,0
115,0.203125,0.242187
116,0.054688,0.265624
117,1.59375,0
118,0,1.07812
119,7.17969,1.14062
120,0,0.437499
121,0.015625,0.023436
122,0.328125,0.007812
123,0.015624,0.601559
124,0.828126,0.195312
125,0,0.296875
126,0.242186,0.523433
127,0.257812,0.187499
128,0.523437,0.023436
129,0.085938,0.304686
130,0.335933,0.124997
131,4.0625,0.124999
132,0.257811,0.140623
133,0.007812,0.382811
134,0.007812,0.140624
135,0.312499,0.078126
136,0.023438,0.203126
137,0.140624,0.062499
138,0.054687,0.085936
139,12.0859,5.60155
140,14.5859,3.48437
141,0.054687,0.085937
142,0.007812,0.960936
143,0,0.273437
144,0.085937,0
145,0.007812,0.468749
146,0,0.445312
147,0.328122,0.054688
148,0,0.367186
149,1.96875,0.492184
150,0.039062,0.320314
151,0.304689,0.0625
152,0.078124,0.03125
153,0.023437,0.320313
154,0.468749,0
155,10.2969,0.007812
156,0.0625,0.031249
157,0.257813,0.328124
158,8.04687,7.18749
159,0,0.164061
160,0,0.242187
161,0.25781,0.164062
162,14.2812,0.007812
163,0.085937,0.968752
164,0.171875,0
165,0.101562,0.328119
166,0.843751,0
167,0.609375,0
168,2.39063,0.593747
169,7.39063,0.007812
170,0.015625,0.046873
171,1.53906,0.085936
172,0.085936,0.6875
173,0.007812,0.664063
174,0.007812,0.374998
175,0.031249,0.054687
176,0.023437,0.046875
177,0.03125,0
178,0.101562,0.328119
179,0,0.265625
180,0.132812,0.203126
181,0.429687,0.101562
182,0.031248,0.101557
183,0,0.40625
184,21.2187,0.015625
185,0.078125,1.15625
186,0.140624,0.093751
187,0.015625,0.078125
188,0,0.296876
189,0,0.257813
190,0,0.804686
191,0.007812,0.687499
192,0.0625,0.171875
193,0.015625,0.007812
194,0.007812,0.609374
195,0,0.320313
196,0.25,0.281248
197,0,0.296875
198,0,0.25
199,0.007812,1.04687
200,0.242186,0.187498
201,0.179687,0.078125
202,0.007812,0.562497
203,5.35156,0.281246
204,0.062499,0.101564
205,0.007812,0.960936
206,0,0.617188
207,0,0.335936
208,0,0.148438
209,0.0625,0.312501
210,0.742185,0.296874
211,0.335935,0.148437
212,0.007812,0.398435
213,23.0703,0.007812
214,0.117186,0.085938
215,0.281248,0.203124
216,0.570311,0.023437
217,8.12499,0
218,0.007812,0.640623
219,0,0.039063
220,0,0.445314
221,0,0.226561
222,2.70312,0.054684
223,0.562498,0.0625
224,0,0.71875
225,0.234374,0.414063
226,0.5625,0.179685
227,0.007812,0.296874
228,0.625001,0.039062
229,0,0.367182
230,0.234374,0.046875
231,2.78906,0.13281
232,0.007812,0.476559
233,0.015624,0.273435
234,0.007812,1.32031
235,0.015624,0.890622
236,0.046874,0.648433
237,0.109374,0.218749
238,2.01562,0.031248
239,11.5937,0
240,0.117186,0.320313
241,0.343747,0.132813
242,0.015624,0.28125
243,0,0.460936
244,12.5469,5.08593
245,0.023437,0.101562
246,0.101562,0.023438
247,4.63281,0.999996
248,0,0.468751
249,0.351562,0.054688
250,0.007812,0.421875
251,0.007812,0.328125
252,0,0.19531
253,0,0.226562
254,0.179686,0.085936
255,3.55468,0
256,0.203126,0.281249
257,1.09375,0
258,0,0.460938
259,0.09375,0.539063
260,3.25,0.140623
261,0.273438,0.101562
262,0.968748,0.015624
263,4.83594,0.515624
264,0.359373,0.109375
265,0.015624,0.273434
266,0.007812,0.421874
267,0,0.343748
268,0,1.07812
269,0.101563,0
270,0.007812,0.179687
271,0.492187,0.023437
272,0.156248,0.328123
273,0.117187,0.179688
274,0,0.570311
275,0.023438,0.054687
276,0.375,0.140625
277,0.375,0.101562
278,0.140625,0.039062
279,0,0.492188
280,3.05469,0.023437
281,0,0.234375
282,0.015625,0.312499
283,0.296874,0.101561
284,0,1.64844
285,0.062499,0.78125
286,12.1016,2.87499
287,0.09375,0.070313
288,0,0.242187
289,0.046875,0.015625
290,0.187501,0
291,0.078125,0.015625
292,0,0.132811
293,0,1.03125
294,23.4375,0
295,0.039062,0.296873
296,1.28125,0
297,0,0.429686
298,0.69531,0.078124
299,0.101561,0.078126
300,3.3125,0
301,0.039063,0.289063
302,0.03125,0.046874
303,0.023438,0
304,0.210938,0.0625
305,0.242187,0.125
306,0.039063,0.070312
307,0,0.164062
308,0.179686,0.085939
309,2.86719,0.023436
310,0.375,0.210936
311,0.007812,0.960939
312,0.414062,0.054688
313,0.015625,0.367188
314,0.007812,0.390626
315,0.273436,0.148438
316,0.09375,0.273432
317,0.023436,0.210936
318,0.085937,0.078123
319,0,0.195314
320,16.8672,0.015625
321,0,0.546874
322,0,0.773437
323,0.359375,0.015625
324,0.109375,0.085938
325,11.3125,1.53906
326,0,0.289061
327,2.46875,0.117186
328,0.023437,0.062499
329,0,0.109375
330,4.00781,0.203124
331,4.72656,0.015624
332,4.03906,0.953122
333,0,0.359375
334,3.14063,0.359372
335,3.35156,0.242185
336,0.0625,0.132813
337,0.007812,0.382814
338,0,0.507812
339,0.023437,0.179688
340,0.148436,0.289063
341,19.4765,0.015625
342,0.070312,0.164062
343,1.85156,0.210934
344,9.125,5.48437
345,0,0.125
346,0.015625,0
347,1.96875,0.117186
348,0.015624,0.335935
349,0.414062,0.007812
350,0,0.234374
351,2.78906,0.007812
352,0.007812,0.132811
353,6.60938,0
354,0.390622,0.390626
355,0.007812,0.453125
356,0.007812,0.203125
357,0.601562,0.242186
358,0.039062,0.382812
359,0.015624,0.382808
360,0,0.554686
361,0.374999,0.09375
362,0.03125,0.25781
363,0.085938,0.374999
364,0.007812,0.320314
365,9.625,5.78906
366,0.414061,0.164061
367,0.023438,0.070312
368,0.328124,0.070312
369,4.46875,0.03125
370,0,0
371,0.023438,0.046876
372,0.335936,0.0625
373,0.085937,0.054687
374,0.328122,0.03125
375,0.796874,0
376,0.960938,0
377,0.015625,0.039062
378,0,0
379,0.617187,0.148438
380,0,0.054686
381,0.007812,0.41406
382,0.007812,0.921876
383,0.062499,0.101562
384,0.125001,0.039062
385,0,0.132812
386,0.015625,0.773436
387,0.124999,0.070313
388,0.015624,0.437501
389,0.007812,0.734373
390,3.53125,0.375
391,0.046875,0.343749
392,0.593748,0.007812
393,0.03125,0.0625
394,0.226561,0.078126
395,0.382812,0.007812
396,0.039062,0.234373
397,0.023437,0.585933
398,0.22656,0.296874
399,0.257813,0.101563
400,0.039063,0
401,13.2656,0.015625
402,0.187499,0.039062
403,0.414064,0.085937
404,3.14062,0.359373
405,0.257812,0.1875
406,0,0.507812
407,0.578126,0.179688
408,0.195311,0.101563
409,0.007812,0.312501
410,0,0.101562
411,0.203125,0.023436
412,2.19531,0.445312
413,0.007812,0.164061
414,0.054688,0.093751
415,0.007812,0.039062
416,11.2812,0
417,0.093748,0.125
418,0,0.031249
419,8.16406,0.015625
420,0,0.320312
421,0.015624,0.289062
422,0,0.312499
423,0.312501,0.210934
424,0,0.1875
425,0,0.273438
426,6.73437,0.007812
427,0,0.234375
428,0.007812,0.242188
429,0.085937,0.09375
430,0,0.242187
431,0.054688,0.09375
432,0.007812,0.148437
433,0,0.3125
434,0.046874,0.015625
435,0.179686,0.195312
436,0.015624,0.359372
437,0.101562,0.046874
438,2.09375,0.210936
439,0,0.468748
440,0.085936,0.109375
441,5.25001,0.023437
442,0.195313,0.078125
443,0.031249,0
444,0.007812,0.578127
445,0.054686,0.101563
446,0.109375,0.039063
447,0,0.257812
448,0,0.085938
449,0.640625,2.41406
450,0.03125,0.156249
451,2.20313,0.367186
452,0.062498,0.382813
453,0,0.039062
454,2.24219,0.062499
455,0,0.210934
456,0.15625,0.5625
457,0.117186,0.101562
458,0.648438,0.054688
459,0,0.28125
460,1.49219,0.492186
461,1.05469,0.19531
462,0.140624,0.0625
463,0.218749,0.242188
464,0.07031,0.0625
465,0,0.265624
466,0.007812,0.414063
467,0.132812,0.218749
468,0,0.117187
469,0.078125,0.039061
470,0.007812,0.210937
471,7.35938,0.007812
472,0.007812,0.171874
473,0.007812,0.390625
474,0.015625,0.234376
475,0,0.289062
476,0.007812,0.148436
477,0.03125,0.609375
478,2.24219,0.679682
479,6.10937,0.023438
480,0.03125,0.117187
481,1.41406,0.624997
482,0.265624,0.078126
483,6.80469,2.72656
484,0.03125,0.164062
485,0.046874,0.015624
486,0,0.070312
487,0.070312,0.054687
488,0.007812,0
489,0.046874,0
490,0.054686,0.039061
491,2.8125,0.015625
492,2.21094,0.367185
493,1.59375,0.062499
494,0.351562,0.226561
495,0.054688,0.023438
496,0.320313,0.039062
497,3.18749,0
498,0.210935,0
499,0.015624,0.156248
500,0.375001,0
501,0.007812,0.210937
502,1.09375,0.210934
503,0.195312,0.054688
504,0,0.281251
505,0,0.195312
506,0.164062,0.054688
507,0,0.101561
508,0.273438,0.093748
509,0.007812,0.03125
510,0.429688,0.265625
511,0,0.078124
512,0.015625,0.15625
513,0,0.171877
514,0.070311,0.046874
515,2.75,0
516,0.476562,0.007812
517,3.10156,2.99219
518,0,0.148437
519,6.88281,4.44531
520,0.007812,0.148437
521,2.28125,0.437502
522,0,0.148439
523,2.76562,4.48437
524,0.007812,0.179689
525,0.156249,0.507811
526,0,0.054687
527,0.156249,0.03125
528,0,0
529,0.015625,0.007812
530,0.125,0.039062
531,0.03125,0.101562
532,1.78906,0.039062
533,0,0.015625
534,0.023438,0.062499
535,0.007812,0.281249
536,0.148438,0
537,0.007812,0.382813
538,1.14062,0
539,0.124998,0.140624
540,0.265622,0
541,0.304687,0.007812
542,0.085937,0.039061
543,0.75778,0.023436
544,7.67188,0.023437
545,0.023437,0.03125
546,0,0.382812
547,0.015625,0.085937
548,8.92186,0.007812
549,0,0.10156
550,0.101563,0.070312
551,0.226563,0.054687
552,0.015625,0.101561
553,0.023438,0.195311
554,0,0.195312
555,2.61719,6.89062
556,0.226561,0.007812
557,0,0.039061
558,0.117188,0.093751
559,0,0.093749
560,0,0.257812
561,0.851564,0.054686
562,0,0.289063
563,0,0.015624
564,0,0.15625
565,0.015625,0.242187
566,0,0.179686
567,0.328125,0.023438
568,0,0.085937
569,0.195312,0.039062
570,0.437501,0
571,6.69531,0.015624
572,0.117187,0.070312
573,2.86719,0
574,0.242186,0
575,0.007812,0.171875
576,0.015625,0.132812
577,0.023438,0.046875
578,0.375,0.38281
579,0,0.015625
580,0.078125,0.171875
581,0,0.15625
582,0,0
583,0,0.03125
584,0.132813,0.171874
585,0.132812,0
586,0.398437,0.57031
587,0.085937,0.078125
588,0,0.070313
589,0,0.101562
590,0,0.054688
591,0.093749,0.249998
592,0.898438,0.124997
593,2.27344,3.32812
594,0,0.343749
595,0,0.210938
596,0.054687,0
597,0.007812,0.054688
598,0.250001,0.09375
599,0.210937,0.015625
600,0,0.171875
601,0,0.085938
602,0.078124,0.039062
603,0,0.023438
604,0,0.085937
605,0,0.039062
606,0,0.039062
607,0.476562,0.046875
608,0,0.03125
609,0,0.125001
610,0,0.046876
611,0,0.156249
612,0.070313,0.023438
613,0,0.109374
614,0,0.242186
615,0,0
616,0.148437,0.085937
617,0,0.039062
618,0.015625,0.125
619,0,0.03125
620,0.242186,0.078123
621,0,0
622,0,0.164062
623,0,0.0625
624,0.03125,0.03125
625,0.804687,0.281247
626,0.054688,0
627,0.101563,0.007812
628,0.007812,0.226562
629,0,0.249999
630,0.335938,0.007812
631,0.039062,0.023438
632,0.25,0.054688
633,0,0.171874
634,0.851564,0.187499
635,0,0.023437
636,0,0.070313
637,0.234374,0.023438
638,0.226562,0.078123
639,0.007812,0.218751
640,1.84375,0
641,0.125001,0.039063
642,0,0.156249
643,0.007812,0.109376
644,0.007812,0.07031
645,1.58594,0.710936
646,0.875001,0.234373
647,0.796875,0.187495
648,5.03906,0.015625
649,0,0
650,0.257812,0.023438
651,4.58593,0.03125
652,0,0
653,4.52343,0.023438
654,0.351562,0.156247
655,0.007812,0.070313
656,0,0
657,0.09375,0.046876
658,0,0.15625
659,0,0.117188
660,0.773437,3.71875
661,0,0.117187
662,0,0.101561
663,0.15625,0.101562
664,0,0.070312
665,0.40625,0
666,0,0.140625
667,0.007812,0.0625
668,0.007812,0
669,0.023438,0.148438
670,0.007812,0.023437
671,0.054687,0.023438
672,0,0.023436
673,0,0.03125
674,0,0.164062
675,0,0.007812
676,0,0.085936
677,0.015625,0.054687
678,0.109376,0.015624
679,0.054688,0.015624
680,0,0.054686
681,0.28125,0.093748
682,0,0.125001
683,0.195314,0.007812
684,0,0.062499
685,0,0.148438
686,0,0.109375
687,0,0.046874
688,0.0625,0.023437
689,0,0.070312
690,0.078125,0
691,0.460937,0.249999
692,0.109376,0.609379
693,0.125,0.054687
694,0.007812,0.023436
695,0.695313,0.367184
696,0.070312,0.03125
697,0,0.0625
698,0.085938,0
699,0.484374,0.117186
700,0,0.015625
701,3.63281,0.023437
702,0.007812,0.140625
703,0.125,0.023438
704,0.007812,0.156249
705,0.117187,0.070312
706,0,0.023438
707,0.039062,0
708,0,0.03125
709,0.007812,0.039062
710,0,0.046875
711,1.375,0.007812
712,0,0.023438
713,0,0.023437
714,0.257814,0.046874
715,0,0.09375
716,0,0.007812
717,0,0.0625
718,0.375001,0.164062
719,0,0.046875
720,0,0.054686
721,0.3125,0.015625
722,0,0.117187
723,0.085938,0.007812
724,0.140626,0.062499
725,0.109375,0
726,0.0625,0.023438
727,0,0.039062
728,0.257812,0.140623
729,0.156249,0
730,0,0.039062
731,0,0.101562
732,0.3125,0.28125
733,0.124999,0
734,0.117188,0
735,0,0.046875
736,0,0.070313
737,0.007812,0
738,0,0.124999
739,0.0625,0
740,0.078124,0.023437
741,1.67969,0.523435
742,0,0.046875
743,0,0.078125
744,0,0.015625
745,0.023438,0.023438
746,0,0
747,0,0
748,0.0625,0.054687
749,0.093748,0
750,1.42187,0.023437
751,0,0.101562
752,0.101562,0.007812
753,0,0.015625
754,0.125,0
755,0.125,0.0625
756,0.335938,0
757,0,0.046874
758,0.249999,1.48437
759,0,0.007812
760,0.03125,0
761,0.101563,0.007812
762,0.007812,0.023436
763,0,0.117187
764,0.0625,0
765,0,0.015625
766,0,0
767,1.17969,0.687499
768,0,0.007812
769,0.007812,0
770,0.007812,0
771,1.47656,0.007812
772,0.32031,0
773,0,0.023437
774,0.007812,0.015625
775,0,0
776,0,0.085936
777,0,0
778,0.039062,0
779,0,0.023437
780,0,0.015624
781,0,0
782,0.007812,0
783,0.242185,0.015625
784,0,0.015625
785,0.015625,0.023438
786,0.007812,0.007812
787,0.054686,0
788,0.75,0
789,0,0
790,0,0
791,0.015625,0.023437
792,0.023437,0.015624
793,0,0
794,0,0.007812
795,0.007812,0.023438
796,0.476562,0.039063
797,0,0
798,0,0
799,0,0
800,0,0.007812
801,0.132812,0
802,0.007812,0.015625
803,0,0.007812
804,0.007812,0
805,0,0
806,0.007812,0.007812
807,0,0.023437
808,0,0
809,0,0.007812
810,0,0
811,0,0.007812
812,0.109375,0.023437
813,0,0
814,0,0.007812
815,0.007812,0
816,0.015625,0
817,0.007812,0
818,0,0
819,0,0.007812
820,0,0.007812
821,0.078124,0.023438
822,0,0
823,0,0
824,0,0
825,0,0
826,0,0
827,0.015625,0
828,0,0
829,0.007812,0
830,0,0
831,0.007812,0
832,0,0.007812
833,0,0
834,0,0
835,0,0
836,0,0
837,0,0
838,0,0
Imbalance analysis (in edges contribution):
Vertex,PositiveSum,NegativeSum
0,0,0
1,0,0
2,0,0
3,0,0
4,0,0
5,0,0
6,0,0
7,0,0
8,0,0
9,0,0
10,0,0
11,0,0
12,0,0
13,0,0.179687
14,0,0.007812
15,0,0
16,0,0.015625
17,0,0
18,0,0.046875
19,0,0
20,0,0.023438
21,0,0.0625
22,0,0
23,0,0.023438
24,0.624999,0
25,0,0.039062
26,0,0.007812
27,0.070312,0
28,0,0.015625
29,0.03125,0
30,0,0
31,0,0
32,0.054688,0
33,0.710937,0
34,0.078125,0
35,0,0
36,0.609375,0
37,0,0.054688
38,0,0.015625
39,0,0.023438
40,0,0.039062
41,0.054688,0
42,0,0.023438
43,0,0.039062
44,0.007812,0
45,0,0
46,0.03125,0
47,0.179687,0
48,0.0625,0.015625
49,0.039062,0.039062
50,1.09375,0.179688
51,0,0.054688
52,0,0.007812
53,0,0.007812
54,0.101563,0
55,0,0.015625
56,0.046875,0
57,0.046875,0
58,0.375,0.039062
59,0.125,0
60,0.0625,0
61,0,0
62,0,0
63,0,0.015625
64,0.054687,0
65,0,0.015625
66,0,0.046875
67,0.015625,0.03125
68,0,0.023438
69,0,0.007812
70,0.968751,0.085936
71,0.039062,0.0625
72,0.320313,0
73,0.015625,0
74,0,0.007812
75,0.367186,0
76,0.0625,0.015625
77,0,0
78,0.109375,0
79,0,0.015625
80,0.070312,0.007812
81,0,0.023437
82,0.539062,0.023437
83,0.109375,0.054688
84,0.054688,0
85,0.148438,0
86,0,0.007812
87,0.070312,0.015625
88,0.039062,0.031249
89,0,0.015625
90,0,0
91,0,0.039063
92,0.101562,0
93,0.015625,0.015625
94,0.171875,0
95,0,0.03125
96,0.0625,0.015625
97,0.085937,0.023438
98,0.210937,0
99,0,0.117188
100,0,0.039062
101,0.203125,0.015625
102,1.27344,0
103,0,0.007812
104,0.015625,0.023437
105,0.960938,0
106,0,0.03125
107,0,0
108,0,0
109,0,0.023438
110,0,0.007812
111,0.070313,0.007812
112,0,0
113,0.078125,0.023437
114,0.101562,0
115,0.148438,0.03125
116,0.015625,0.039062
117,0.171875,0
118,0,0.046875
119,1.25781,0.093751
120,0,0.015625
121,0,0
122,0.179688,0.015625
123,0,0.015625
124,0.195312,0
125,0,0.015625
126,0.085938,0.039062
127,0.09375,0
128,0.179688,0.046875
129,0.023438,0.015625
130,0.03125,0.007812
131,0.757812,0.039063
132,0.070312,0
133,0,0.023438
134,0,0
135,0.148438,0
136,0,0.039062
137,0.039063,0.007812
138,0,0.007812
139,1.6875,1.90625
140,2.24219,1.17187
141,0.078125,0.062501
142,0,0.085937
143,0,0.046876
144,0.023438,0.007812
145,0,0.054688
146,0,0.046875
147,0.15625,0.015625
148,0,0.078124
149,0.664063,0.03125
150,0,0.085938
151,0.078125,0
152,0.062499,0
153,0,0.054688
154,0.210937,0.023438
155,1.47656,0
156,0.015625,0.015625
157,0.046875,0.039062
158,1.50781,1.125
159,0,0.007812
160,0,0.023438
161,0.156249,0.0625
162,2.74219,0
163,0.03125,0.132812
164,0.109375,0.023438
165,0.03125,0.09375
166,0.171874,0
167,0.203126,0
168,0.789063,0.023436
169,1.53125,0
170,0,0.007812
171,0.5625,0
172,0.023438,0.187499
173,0,0.085937
174,0.007812,0.039062
175,0.015625,0
176,0,0
177,0,0
178,0.03125,0.09375
179,0,0.062501
180,0.046875,0.039061
181,0.15625,0.039062
182,0.007812,0.031248
183,0,0.070312
184,3.89844,0
185,0,0.164063
186,0.070312,0
187,0,0.007812
188,0,0.046876
189,0,0.054688
190,0,0.164062
191,0,0.148437
192,0.023438,0.015625
193,0,0
194,0,0.078125
195,0,0.031249
196,0.054688,0.023438
197,0,0.054687
198,0,0.0625
199,0,0.195312
200,0.0625,0
201,0.101562,0
202,0,0.09375
203,2.26563,0.015624
204,0.015625,0.039062
205,0,0.195312
206,0,0.132812
207,0,0.039062
208,0,0.039062
209,0,0.046874
210,0.140626,0.0625
211,0.070312,0.007812
212,0,0.062498
213,4.92187,0
214,0.0625,0.015625
215,0.101563,0.0625
216,0.210937,0
217,2.09375,0
218,0,0.140622
219,0,0.039062
220,0,0.070313
221,0,0.015624
222,0.992189,0.031248
223,0.265625,0.015625
224,0,0.101562
225,0.054688,0.09375
226,0.257814,0.0625
227,0,0.039063
228,0.226562,0.0625
229,0,0.085937
230,0.210937,0.007812
231,1.16406,0.070313
232,0,0.03125
233,0,0.023437
234,0,0.242188
235,0,0.195313
236,0.015625,0.109375
237,0.03125,0.0625
238,1.03906,0
239,3.125,0
240,0.015625,0.054686
241,0.101562,0
242,0.007812,0.023438
243,0,0.046876
244,3.09375,3.35156
245,0,0.09375
246,0,0
247,2.94531,0.367186
248,0,0.085937
249,0.125,0.015625
250,0,0.117187
251,0,0.09375
252,0,0.085938
253,0,0.015625
254,0.085936,0.015625
255,1.24219,0
256,0.0625,0.023437
257,0.343749,0
258,0,0.124999
259,0.046875,0.15625
260,1.4375,0.007812
261,0.101562,0.046875
262,0.320311,0.007812
263,3.21875,0.156248
264,0.148438,0.054688
265,0,0.109375
266,0,0.164063
267,0,0.046873
268,0,0.398437
269,0.046875,0.015625
270,0,0.070312
271,0.124998,0
272,0.039062,0.179687
273,0.054687,0.101563
274,0,0.179688
275,0,0.015625
276,0.09375,0
277,0.117188,0.0625
278,0.054688,0
279,0,0.171876
280,0.937499,0
281,0,0.0625
282,0.03125,0.195313
283,0.078124,0
284,0,0.593751
285,0.015625,0.164063
286,3.30469,2.7578
287,0.148438,0
288,0,0.085938
289,0.007812,0
290,0.062499,0
291,0.054687,0
292,0,0.023437
293,0,0.445313
294,7.90625,0
295,0.015624,0.124996
296,0.578126,0
297,0,0.101563
298,0.25,0.0625
299,0.0625,0
300,1.60938,0
301,0,0.023438
302,0.03125,0.03125
303,0,0
304,0.0625,0.007812
305,0.101562,0.054687
306,0,0
307,0,0.054688
308,0.101562,0
309,1.25,0
310,0.09375,0.007812
311,0,0.234375
312,0.15625,0.007812
313,0,0.1875
314,0,0.187499
315,0.070312,0.023438
316,0.039062,0.148437
317,0.007812,0.03125
318,0.0625,0.03125
319,0,0.015624
320,5.10156,0
321,0,0.164062
322,0,0.28906
323,0.148437,0.03125
324,0.03125,0.046876
325,3.79688,1.90625
326,0,0.0625
327,3.28906,0.046874
328,0,0.046875
329,0,0.023438
330,3.94531,0.054688
331,3.17188,0
332,4.46875,0.749999
333,0,0.070312
334,3.14844,0.164063
335,4.11719,0.117187
336,0,0.085938
337,0,0.179688
338,0,0.265626
339,0,0.054688
340,0.039062,0.046875
341,10.75,0
342,0.03125,0.046875
343,3.53906,0.046874
344,4.23438,5.25781
345,0,0.054687
346,0.062499,0.007812
347,2.53125,0.007812
348,0.015625,0.085936
349,0.25,0
350,0.015625,0.023437
351,2.47656,0
352,0,0.046874
353,4.94531,0
354,0.085938,0.046874
355,0,0.257811
356,0,0.054686
357,0.124999,0.007812
358,0.015625,0.062499
359,0,0.054686
360,0,0.445312
361,0.179687,0.070312
362,0.007812,0.039063
363,0.179688,0.351563
364,0.015625,0.023436
365,5.34375,6.58593
366,0.085936,0.03125
367,0.078125,0.039062
368,0.148438,0.023438
369,4.5,0
370,0.03125,0
371,0.039062,0.062499
372,0.117187,0
373,0.234376,0.070312
374,0.164062,0.023436
375,0.601563,0
376,0.515623,0
377,0.015625,0.054687
378,0.09375,0.078124
379,0.179688,0.015625
380,0,0.046875
381,0,0.164061
382,0,0.304687
383,0.09375,0.015625
384,0.125,0
385,0,0.132812
386,0,0.34375
387,0.015625,0.015625
388,0,0.054688
389,0,0.125001
390,5.4375,0.367187
391,0,0.164064
392,0.242188,0
393,0.148436,0
394,0.117188,0
395,0.164062,0.023438
396,0.046874,0.101563
397,0.007812,0.210935
398,0.101562,0.046875
399,0.109374,0.03125
400,0.03125,0.015625
401,12.2422,0
402,0.140626,0
403,0.249999,0
404,5.05469,0.359376
405,0.164063,0.007812
406,0.054688,0.414064
407,0.328125,0.078125
408,0.132813,0.023438
409,0,0.15625
410,0,0.054687
411,0.156249,0.015625
412,4.32813,0.437499
413,0,0.070313
414,0.093749,0.124999
415,0.109375,0.023438
416,11.3125,0
417,0.125001,0.023437
418,0,0.046874
419,7.09375,0
420,0,0.085937
421,0,0.039062
422,0,0.257811
423,1.35937,0.039062
424,0,0.257811
425,0,0.085938
426,4.875,0
427,0,0.109375
428,0,0.117187
429,0.156251,0.039062
430,0,0.101562
431,0.171875,0.109375
432,0.007812,0.039062
433,0,0.132811
434,0.078125,0
435,0.226562,0.101564
436,0,0.046874
437,0.164062,0.03125
438,2.48438,0.101561
439,0,0.601563
440,0.101562,0.046875
441,3.89844,0
442,0.210938,0.031249
443,0.062501,0
444,0,0.281249
445,0.070312,0.03125
446,0.148437,0
447,0,0.132812
448,0.015625,0.070312
449,1.02344,2.86719
450,0.125,0.0625
451,5.50781,0.273436
452,0.015625,0.039061
453,0.007812,0.015625
454,3,0.062498
455,0,0.234375
456,0.085938,0.460937
457,0.187502,0.015625
458,0.507812,0.039062
459,0,0.148438
460,4.67969,0.414059
461,3.49219,0.140624
462,0.148438,0
463,0.117187,0.015624
464,0.156249,0.007812
465,0,0.226561
466,0,0.132813
467,0.109375,0.109374
468,0,0.093751
469,0.109374,0
470,0,0.046874
471,8.41407,0
472,0,0.039062
473,0,0.046875
474,0,0.242187
475,0,0.343751
476,0,0.273438
477,0.023438,0.124998
478,5.51563,0.828122
479,6.96875,0
480,0.078125,0.187499
481,2.66406,0
482,0.328124,0.015625
483,8.25782,5.60937
484,0.054687,0.273436
485,0.179687,0
486,0,0.03125
487,0.148437,0.210938
488,0.054688,0
489,0.21875,0
490,0.101562,0.078125
491,3.25,0
492,6.21875,0.507813
493,1.39844,0
494,0.156251,0.015625
495,0.109375,0
496,0.445311,0.046874
497,6.55469,0.015625
498,0.445307,0
499,0.085937,0.203123
500,0.437499,0
501,0,0.039062
502,2.53906,0.109372
503,0.273437,0.03125
504,0,0.445313
505,0,0.210939
506,0.132813,0.007812
507,0,0.070312
508,2.1875,0
509,0.039063,0.046874
510,0.164064,0.078125
511,0,0.023437
512,0,0.374999
513,0,0.101562
514,0.281249,0.007812
515,5.15625,0
516,0.367188,0
517,8.32031,5.02343
518,0,0.117188
519,10.4922,8.89062
520,0.015625,0.234373
521,7.26562,0.570308
522,0,0.109373
523,7.5625,5.61716
524,0.03125,0.023438
525,0.039063,0.83594
526,0,0.218749
527,0.125,0
528,0.039062,0
529,0.0625,0.171876
530,0.16406,0
531,0.09375,0.234373
532,4.40625,0.039062
533,0.023437,0.023438
534,0.03125,0.257812
535,0,0.257812
536,0.273437,0
537,0,0.523439
538,1.86719,0
539,0.0625,0.085937
540,0.398439,0
541,0.289064,0
542,0.218749,0
543,2.33586,0.164058
544,15.4453,0
545,0.054687,0
546,0.015624,0.679688
547,0.117187,0.500001
548,16.7656,0
549,0.070312,0.296875
550,0.164061,0
551,0.382812,0.03125
552,0.015625,0.046875
553,0.007812,0.718751
554,0,0.273437
555,10.7109,10.75
556,0.453124,0.015625
557,0.140623,0.132811
558,0.179687,0.148437
559,0.007812,0.367188
560,0.070313,0.953125
561,2.90625,0.015625
562,0,0.484375
563,0.03906,0.117181
564,0,0.117186
565,0.015625,0.499999
566,0,0.320315
567,0.523438,0.007812
568,0.093749,0.179688
569,0.28125,0.054688
570,1.13281,0.03125
571,14.5,0
572,0.148437,0.085938
573,7.71094,0
574,0.4375,0.007812
575,0,0.296874
576,0,0.234375
577,0.093749,0.054687
578,4.05469,0.343746
579,0,0.140623
580,0.054687,0.203124
581,0,0.414062
582,0.0625,0.023438
583,0.007812,0.132814
584,0.289062,0.148436
585,0.421876,0
586,3.65625,0.609377
587,0.304687,0.109374
588,0.15625,0.249999
589,0.039062,0.109375
590,0.117187,0.195311
591,0.093748,0.492187
592,5.46875,0.09375
593,9.78125,10.2265
594,0.007812,1.1875
595,0.015624,0.765626
596,0.351561,0.007812
597,0,0.203125
598,0.312499,0.124999
599,0.390624,0.039063
600,0,0.328125
601,0,0.35156
602,0.203122,0.054687
603,0,0.085938
604,0.078126,0.234374
605,0.164061,0.351563
606,0,0.09375
607,0.828125,0.078125
608,0,0.195313
609,0,0.3125
610,0.023437,0.125
611,0,0.312498
612,0.054688,0.015625
613,0.007812,0.085937
614,0,0.585939
615,0.09375,0.046876
616,0.226563,0.140626
617,0.015624,0.304686
618,0,0.242189
619,0.015625,0.031249
620,0.203125,0.109375
621,0.15625,0
622,0,0.265625
623,0,0.179688
624,0.171874,0.085937
625,5.89844,0.328121
626,0.015624,0.09375
627,0.28906,0.015625
628,0,0.656253
629,0.054688,0.500001
630,0.804687,0
631,0.101561,0.164062
632,0.437499,0.070313
633,0,0.609373
634,5.05469,0.539059
635,0,0.03125
636,0.171875,0.437498
637,0.382814,0.125001
638,2.69531,0.039062
639,0,0.796878
640,5.74219,0
641,0.406249,0.015625
642,0,0.765623
643,0,0.398437
644,0.468747,0.492173
645,1.82031,1.59375
646,5.45312,0.851559
647,6.54688,0.148436
648,17.5,0
649,0.054687,0.046875
650,0.679686,0.039062
651,15.2344,0
652,0.046875,0
653,14.7109,0
654,5.46875,0.468749
655,0,0.289064
656,0.007812,0.257811
657,0.203124,0.085937
658,0,0.4375
659,0,0.351564
660,7.32031,8.79687
661,0,0.578125
662,0.078124,0.507806
663,0.242188,0.25
664,0,0.328123
665,3.80468,0
666,0.007812,0.609376
667,0.039062,0.187501
668,0,0
669,0.015624,0.414061
670,0,0.25
671,0.257812,0.03125
672,0.101563,0.0625
673,0,0.1875
674,0,0.390625
675,0.03125,0.070312
676,0.023438,0.242187
677,0.085937,0.062501
678,0.570311,0.101562
679,0.0625,0.109375
680,0,0.109374
681,4.02344,0.015625
682,0.007812,0.562501
683,2.03906,0
684,0,0.289062
685,0,0.5
686,0,0.492187
687,0.070311,0.257813
688,0.148438,0.078124
689,0,0.273436
690,0.218751,0.0625
691,6.72656,0.328123
692,1.67969,4.32814
693,0.265625,0.156251
694,0.085937,0.273436
695,6.73437,0.484371
696,0.210936,0.101563
697,0.007812,0.46875
698,0.249999,0.09375
699,6.69531,0.171872
700,0.054688,0.117186
701,11.6328,0
702,0.023438,0.476561
703,0.374999,0.054687
704,0.007812,1.67968
705,0.156248,0.187498
706,0,0.195312
707,0.125,0.125
708,0,0.101563
709,0,0.140625
710,0,0.492187
711,8.61719,0.281243
712,0,0.093748
713,0,0.078125
714,3.75,0.171873
715,0.007812,0.609374
716,0.281249,0.023437
717,0.007812,0.249999
718,5.90625,0.281247
719,0.093748,0.562494
720,0,0.234376
721,2.39844,0
722,0,0.539063
723,0.242187,0.078125
724,0.187498,0.140625
725,0.296874,0.078126
726,0.539063,0.0625
727,0.007812,0.242188
728,5.26563,0.468745
729,0.312499,0.015625
730,0,0.218749
731,0.007812,1.96093
732,5.92969,1.34374
733,0.351563,0.09375
734,0.507813,0.296875
735,0.03125,0.101563
736,0.007812,0.421874
737,0.03125,0.15625
738,0.007812,0.632813
739,0.335936,0.078124
740,0.046874,0.22656
741,12.4453,4.29686
742,0,0.335936
743,0,0.429688
744,0.054687,0.820308
745,0,0.398436
746,0.101563,0.03125
747,0.054686,0
748,0.031249,0.578124
749,0.414063,0
750,8.49219,0
751,0,0.63281
752,0.265624,0.0625
753,0.054687,0.007812
754,0.781249,0.007812
755,0.156249,0.257812
756,5.14844,0
757,0.070312,2.05468
758,6.41406,7.69531
759,0.132812,0.414057
760,0.054688,0.351563
761,0.414064,0.195312
762,0.007812,0.296876
763,0,1.10156
764,0.085938,0.476564
765,0,0.187498
766,1.28125,0.67968
767,13.8359,13.164
768,0,0.593751
769,0.09375,0.210939
770,0.421875,0.0625
771,21.2656,0
772,7.32813,0
773,0.031249,0.4375
774,0.367184,0.070312
775,0.53125,0.039062
776,0,0.929687
777,0,0.679687
778,0.390626,0.257812
779,0.117189,0.632811
780,0.046874,0.453126
781,0.531248,0.046874
782,0.703125,0.015624
783,3.74219,0
784,0.070312,0.484374
785,0,0.460938
786,0.687499,0.03125
787,0.914062,0.171874
788,9.85937,0
789,0.101563,0.281249
790,0.007812,0.492187
791,0.15625,0.16406
792,0,0.421874
793,0.359373,0.0625
794,1.0625,0.21875
795,0.398436,0.054686
796,4.79687,0
797,0,0.437498
798,0,0.523435
799,0.007812,0.406249
800,0.234371,0.078124
801,4.125,1.03123
802,0,0.687495
803,1.57812,0.062499
804,0.58594,0.039062
805,0.046875,0.312498
806,1.10156,0.0625
807,0,1.14063
808,0.968749,0
809,0.578127,0.039062
810,0,0.374998
811,1.69531,0.171875
812,6.25,2.18749
813,0.156249,0.507807
814,0.84375,0.257811
815,1.07812,0.085934
816,1.02344,0.132812
817,1.11719,0.007812
818,0.015624,0.390624
819,0.984377,0.046874
820,0.570314,0.195312
821,2.33594,0.046875
822,0,0.523436
823,0.007812,0.648435
824,1.57031,0.054688
825,0.624998,0.179686
826,0.562498,0.039062
827,0.671874,0.109375
828,0.718747,0.164063
829,0.648437,0.101561
830,0.421873,0.64843
831,3.62494,0.25
832,0.578121,0.781243
833,0.203122,0.679681
834,1.18749,0.109371
835,0.109368,0.343728
836,0.187489,0.460916
837,0.218736,1.21867
838,0,0

Cluster contribution to imbalance analysis (cluster-cluster matrix):
229.187, 334.609, 
429.336, 0.632803, 

