Global time spent: 7206.9
I(P) = 868.307
Clustering configuration: 
 Partition 0 (746): [ 0 1 2 3 4 5 6 7 8 9 10 11 12 13 14 15 16 17 18 19 20 21 22 23 24 25 26 27 28 29 30 31 32 33 34 35 37 38 39 40 42 43 44 45 46 47 48 49 50 51 52 53 54 55 56 57 58 59 60 61 62 63 64 65 66 67 68 69 70 71 73 74 75 76 77 78 79 80 81 82 83 84 85 86 87 88 89 90 91 92 93 94 95 96 97 98 99 100 101 102 103 104 105 106 107 108 109 110 111 112 113 114 115 116 118 119 120 121 122 123 124 125 126 127 128 129 130 131 132 133 134 135 136 137 138 139 140 141 142 143 144 145 146 147 148 149 150 151 152 153 154 156 157 158 159 160 161 162 163 164 165 167 168 170 171 172 173 174 175 176 177 178 179 180 181 182 183 184 185 186 187 188 189 190 191 192 193 194 195 196 197 198 199 200 201 202 203 204 205 206 207 208 209 210 211 212 213 214 215 216 217 218 219 220 221 222 223 224 225 226 227 228 229 230 231 232 233 234 235 236 237 238 240 241 242 243 244 245 246 247 248 249 250 251 252 253 254 256 258 259 260 261 262 263 264 265 266 267 268 269 270 272 273 274 275 276 277 278 279 280 281 282 283 284 285 286 287 288 289 290 291 292 293 294 295 296 297 298 299 300 301 302 303 304 305 306 307 308 309 310 311 312 313 314 315 316 317 318 319 320 321 322 323 324 325 326 327 328 329 330 331 332 333 334 335 336 337 338 339 340 341 342 343 344 345 346 347 348 349 350 352 354 355 356 357 358 359 360 361 362 363 364 365 366 367 368 369 370 371 372 373 374 377 378 379 380 381 382 383 384 385 386 387 388 389 390 391 392 393 394 395 396 397 398 399 400 401 402 403 404 405 406 407 408 409 410 411 412 413 414 415 416 417 418 420 421 422 423 424 425 427 428 429 430 431 432 433 434 435 436 437 438 439 440 442 443 444 445 446 447 448 449 450 451 452 453 454 455 456 457 458 459 460 462 463 464 465 466 467 468 469 470 471 472 473 474 475 476 477 478 480 481 482 483 484 485 486 487 488 489 490 492 493 494 495 496 497 498 499 500 501 502 503 504 505 506 507 508 509 510 511 512 513 514 515 517 518 519 520 521 522 523 524 525 526 527 528 529 530 531 532 533 534 535 536 537 539 542 543 544 545 546 547 548 549 550 551 552 553 554 555 556 557 558 559 560 561 562 563 564 565 566 567 568 569 571 572 573 575 576 577 578 579 580 581 582 583 584 585 586 587 588 589 590 591 592 593 594 595 597 598 599 600 601 602 603 604 605 606 607 608 609 610 611 612 613 614 615 616 617 618 619 620 621 622 623 624 625 626 627 628 629 630 631 632 633 634 635 636 637 638 639 641 642 643 645 646 648 649 650 651 652 653 654 655 656 657 658 659 660 661 662 663 664 665 666 667 668 669 670 671 672 673 674 675 676 677 678 679 680 681 682 683 684 685 686 687 688 689 690 691 692 693 694 695 696 697 698 699 700 702 703 704 705 706 707 708 709 710 711 712 713 714 715 716 717 718 719 720 722 723 724 725 726 727 728 729 730 731 732 733 734 735 736 737 738 739 740 741 742 743 744 745 746 747 748 750 751 752 753 754 755 756 757 758 759 760 761 762 763 764 765 766 767 768 769 770 771 772 773 774 775 776 777 778 779 ] 
 Partition 1 (34): [ 36 41 72 117 155 166 169 239 255 257 271 351 353 375 376 419 426 441 461 479 491 516 538 540 541 570 574 596 640 644 647 701 721 749 ] 

Imbalance analysis (out edges contribution):
Vertex,PositiveSum,NegativeSum
0,0.538461,0.307692
1,0,0.615384
2,0.230769,2.38461
3,5.61538,3.84615
4,0,0.076923
5,0,0.230769
6,0,0.076923
7,0.153846,1.23077
8,0,0.076923
9,0.230769,0.307692
10,0,0.076923
11,0,0.307692
12,0,0.076923
13,3.84615,1.23077
14,0,1.30769
15,0,0
16,0,0.076923
17,0.230769,4.99999
18,0.384615,0.999999
19,0.076923,0.846153
20,1.23077,0.538461
21,0.230769,0.615384
22,0,0.076923
23,0,0.538461
24,1.76923,0
25,0,0.076923
26,0,0.538461
27,0.538461,0.230769
28,0.230769,0.307692
29,0.076923,1.23077
30,0,0.076923
31,0,0.846153
32,0,0.076923
33,4.76923,0.999999
34,0.076923,4.6923
35,0,0.076923
36,26.3846,0.076923
37,0.307692,2.07692
38,0,0
39,0,6.84615
40,0,0
41,20,0
42,0.153846,0.307692
43,0,0.153846
44,0.307692,0.230769
45,0.461538,0.153846
46,0,1.92308
47,0.230769,0.307692
48,1.53846,0.384615
49,0,0
50,5.07692,0.538461
51,0.153846,0.307692
52,0,0.076923
53,0.153846,0.999999
54,0.076923,0
55,0.153846,0.999999
56,0.076923,0.846153
57,0.153846,0.615384
58,4.69231,3.76923
59,0,0.999999
60,0,0.076923
61,0,0.538461
62,0,0.076923
63,0,0.230769
64,0,0
65,0,0
66,0,0.076923
67,0,0.538461
68,0,0.076923
69,0.153846,0.230769
70,5.30769,1.84615
71,0,0.076923
72,0.615384,0.153846
73,0.307692,0.384615
74,0,0.076923
75,1.46154,0.076923
76,0.230769,0.307692
77,0,0
78,0,0.153846
79,0.153846,0.076923
80,0.307692,0.307692
81,0.76923,0.384615
82,4,11.2308
83,0.307692,0.076923
84,0,0.076923
85,0,0.076923
86,0.307692,1.76923
87,0,0.076923
88,0,0.76923
89,0,0
90,0.076923,2.30769
91,0.307692,0.384615
92,0,1.30769
93,0,0.076923
94,0,1.84615
95,0.384615,0.230769
96,0,0.538461
97,0.153846,0.76923
98,0,0.076923
99,0,0.076923
100,0.153846,0.999999
101,0,0.076923
102,2.46154,0.076923
103,0,4.46153
104,0,0.076923
105,0.76923,0
106,0.076923,0.692307
107,0,1.07692
108,0,0.076923
109,0.153846,1.15385
110,0,0.076923
111,0,0.076923
112,0,0
113,0.461538,0.538461
114,0,0.076923
115,0.461538,0.153846
116,0,0
117,14,0
118,0,0.230769
119,5.07692,1.76923
120,0,0.230769
121,0.307692,0.230769
122,0,0.076923
123,0.153846,0.999999
124,0.076923,0.230769
125,0,0.538461
126,0.999999,0.230769
127,0,0.538461
128,0.076923,0.538461
129,0.384615,0.307692
130,0.230769,1.15385
131,1.15385,1.38461
132,0,0.076923
133,0,1.38461
134,0.153846,0.307692
135,0,0.076923
136,0,0
137,0,0
138,0,0.076923
139,2.61538,0.230769
140,2.30769,8.92307
141,0,0.076923
142,0,0.230769
143,0,0.076923
144,1.92307,0.076923
145,0.076923,0.615384
146,0,0.076923
147,0,0.538461
148,0,0
149,0.384615,0.076923
150,0.076923,0.076923
151,0.153846,0.076923
152,0,0.538461
153,0,0.076923
154,0,0.230769
155,14.2308,0
156,0,0.153846
157,0.692307,0.230769
158,3.69231,3.6923
159,0,0.461538
160,0.153846,0.307692
161,0,2.07692
162,1.69231,1.76923
163,0,0.153846
164,0,0.076923
165,0.153846,0.692307
166,0.230769,0
167,0,0.076923
168,2.53846,1.07692
169,20.5384,0
170,0.230769,0.153846
171,0.76923,8.38461
172,0.153846,0.153846
173,0,0.076923
174,0,0.076923
175,0,0.076923
176,0,2.84615
177,0.384615,0.384615
178,0.153846,0.692307
179,0,0
180,0.230769,0.846153
181,0,0.153846
182,0.153846,0.692307
183,0,0.230769
184,3.07692,0.615384
185,0.153846,1.15385
186,0,0.076923
187,0.076923,0.538461
188,0,0.076923
189,0.153846,0.153846
190,0,0.076923
191,0.076923,0.615384
192,0,0.076923
193,0,0.230769
194,0,0.076923
195,0,0.076923
196,0.307692,0.230769
197,0,0.076923
198,0,0.230769
199,0,0.076923
200,0,0.076923
201,0,0.076923
202,0,0.076923
203,3.07692,1.69231
204,0,0.230769
205,0.153846,0.230769
206,0,0.538461
207,0,0.076923
208,0.153846,0.076923
209,0,0.538461
210,0.76923,0.384615
211,0.307692,0.230769
212,0,0.076923
213,4.46154,1.76923
214,0,0.076923
215,0,0.076923
216,0,0
217,0.76923,0.538461
218,0,1.07692
219,0,0.076923
220,0,0.076923
221,0,0
222,0.230769,0.153846
223,0,2.07692
224,0.076923,0.615384
225,0.307692,0.230769
226,0,0.538461
227,0,0.076923
228,0.230769,0.230769
229,0.384615,0.230769
230,0,0
231,1.07692,0.230769
232,0,0.076923
233,0,0.076923
234,0.307692,0.076923
235,0.076923,0.615384
236,0,1.07692
237,0,0.538461
238,0.846153,0
239,18,0
240,0.384615,0.307692
241,0.384615,0.230769
242,0,0.076923
243,0,0.076923
244,2.30769,0.153846
245,0.153846,1.07692
246,0.230769,0.615384
247,3.84615,3.46153
248,0.615384,0
249,0,0.076923
250,0,0.076923
251,0,0.538461
252,0,0.076923
253,0.153846,0.923076
254,0,0.076923
255,14.3077,0
256,0.307692,0.307692
257,0.615384,0
258,0.384615,0.153846
259,0.076923,0.999999
260,1.46154,0.461538
261,0,0
262,0.307692,0.307692
263,3.46154,0.538461
264,0.153846,1.15385
265,0.076923,5.76922
266,0,0.076923
267,0,0.076923
268,0,0.538461
269,0,0.076923
270,0,0
271,0.538461,0
272,0,2.30769
273,1.23077,0.076923
274,0,0.076923
275,0,0.076923
276,0.461538,0.538461
277,0,0.692307
278,0,0.076923
279,0,2.76923
280,0.230769,0.307692
281,0,0.076923
282,0.461538,0.230769
283,0.692307,0.230769
284,0,0.076923
285,0.384615,0.307692
286,2.15384,0.153846
287,0.076923,0.076923
288,0,0.538461
289,0.846153,0.076923
290,0.846153,0.538461
291,0.230769,3.61538
292,0.076923,0.230769
293,0,0.076923
294,3.61538,3
295,0.153846,0.692307
296,1.07692,0.692307
297,0,0.538461
298,0,0.846153
299,0.076923,0.230769
300,2.30769,2.30769
301,0.538461,0.307692
302,0.230769,0.307692
303,1.23077,0.230769
304,0,0.076923
305,0,0.076923
306,0,0
307,0,0.076923
308,0,0.076923
309,0.307692,0.230769
310,0.76923,0.307692
311,0,0.076923
312,0,0.076923
313,0.076923,0.230769
314,0,0.076923
315,0.153846,0.692307
316,0.153846,2.84615
317,0,0.076923
318,0.076923,0
319,0,0.076923
320,4.23077,5.53846
321,0,0.076923
322,0,0.923076
323,0,0
324,0.230769,2.15384
325,2.15384,0.153846
326,0,0.076923
327,1.15385,0.846153
328,0,0.923076
329,0.461538,0
330,1.30769,0.230769
331,2.30769,0.307692
332,3.61538,2.84615
333,0.076923,0.230769
334,3.23077,0.461538
335,3.61538,2.84615
336,0,0.846153
337,0,0.076923
338,0,0
339,0,0
340,0.307692,0.230769
341,2.84615,1.84615
342,0,0.076923
343,2.76923,0.153846
344,0.076923,2.53846
345,0.076923,0.230769
346,0,0.923076
347,1.46154,0
348,0.230769,0.461538
349,0,0
350,0,0.153846
351,18.3077,0.230769
352,0,0.076923
353,3.46153,0.153846
354,0.153846,0.384615
355,0,0.230769
356,0,0.076923
357,0.230769,0.230769
358,0,2.38461
359,0,2.38461
360,0,1.69231
361,0,4
362,0,0
363,0.153846,0.846153
364,0,0.076923
365,0.307692,0
366,0.230769,0.230769
367,0.076923,0.230769
368,0,0
369,2.07692,2.15384
370,0,0
371,0,0.076923
372,0.153846,0.307692
373,0.538461,9.15384
374,0.153846,0.846153
375,0.153846,0
376,0.692307,0
377,0,0.076923
378,0.384615,0.923076
379,0.230769,0.230769
380,0,0.076923
381,0,0.076923
382,0,0.076923
383,0,0.076923
384,0.076923,0.461538
385,0,0
386,0,2.38461
387,0,0.923076
388,0,0
389,0.76923,0.230769
390,3.07692,0.538461
391,0,0.076923
392,0.153846,0.615384
393,0.153846,0.307692
394,0,0.076923
395,0,0.230769
396,0,0.076923
397,0.538461,0.153846
398,0.538461,0.307692
399,0,0.538461
400,0.076923,1.38461
401,1.38461,5.38461
402,0,0.999999
403,0,0.076923
404,3.38462,3.30769
405,0.230769,0.307692
406,0.461538,0
407,0,0.076923
408,0,0.076923
409,0,0.076923
410,0,1.84615
411,0,0.230769
412,3,1.15385
413,0.076923,0.230769
414,0,0.076923
415,0,2.15384
416,0.692307,0.153846
417,0,0.846153
418,0,0.076923
419,18.4615,0
420,0,0.538461
421,0,0.846153
422,0,0.153846
423,1.46154,0.230769
424,0,0.846153
425,0,0.846153
426,0.461538,0.153846
427,0.153846,0.076923
428,0,0.999999
429,0,0.076923
430,0,0
431,0,0.076923
432,0,0
433,0,0.076923
434,0,0.076923
435,0.076923,0.307692
436,0,0.076923
437,0,0.076923
438,0.692307,0.230769
439,0,0.76923
440,0,0.076923
441,0.461538,0.153846
442,0,3.38461
443,0,6.38461
444,0,0.538461
445,0,0.076923
446,0.153846,0.384615
447,0.076923,0.230769
448,0,0.076923
449,2.46154,6.76922
450,0.230769,0.076923
451,3,1.92308
452,0.230769,0.153846
453,0,0.076923
454,0.384615,0.153846
455,0.076923,0.230769
456,0,0.076923
457,0,0
458,0,0.846153
459,0,0.538461
460,3.30769,4.92307
461,17.4615,0
462,0.230769,0.384615
463,0.230769,0.076923
464,0,0.307692
465,0,0.076923
466,0,0.076923
467,0,0
468,0,0.076923
469,0.230769,0.076923
470,0,0.76923
471,1.23077,0.153846
472,0,0.076923
473,0,0
474,0,0.153846
475,0,0.076923
476,0.076923,0.230769
477,0.538461,0.230769
478,2.30769,1.53846
479,7.15384,0.153846
480,0.153846,0.384615
481,0.153846,0.230769
482,0,4.30769
483,1.53846,0.230769
484,0,0
485,0,0.076923
486,0,0.076923
487,0.307692,0
488,0,0.230769
489,0,0.461538
490,0,0.538461
491,20.3846,0
492,1.61538,2.15384
493,0.307692,0.076923
494,0.230769,0.153846
495,0.307692,0.153846
496,0.076923,3.84615
497,0.615384,0.153846
498,0.230769,0
499,0,0.692307
500,0,0.076923
501,0,0.076923
502,0.307692,0.230769
503,0,0.307692
504,0,0.461538
505,0,0.076923
506,0.307692,0.076923
507,0,0.230769
508,1.23077,0.999999
509,0,0.230769
510,0.153846,0.153846
511,0,0.307692
512,0,0.076923
513,0,0.076923
514,0,0.076923
515,1.15385,5.84615
516,0.307692,0
517,1.30769,2.53846
518,0,0.076923
519,0.384615,0
520,0,0.076923
521,1.46154,0.538461
522,0,0.153846
523,1.23077,1.15385
524,0.076923,0.230769
525,0,0.076923
526,0,0.538461
527,0,0.538461
528,0.153846,0
529,0,0.153846
530,0,0.076923
531,0.153846,1.23077
532,1.30769,11.5385
533,0,0
534,0,0.615384
535,0,0
536,0,0
537,0,0.846153
538,4.61538,0
539,0.230769,0
540,2.76923,0.153846
541,2.15384,0
542,0,0.384615
543,0.307692,0.076923
544,0.846153,0.307692
545,0.076923,0.230769
546,0.230769,0
547,0,0
548,0.538461,1.30769
549,0,0.153846
550,0,0.307692
551,0,0.076923
552,0,0
553,0,0.076923
554,0,0
555,1.38462,0.538461
556,0,0
557,0,0.230769
558,0,0.384615
559,0,0
560,0,0.076923
561,0,0.230769
562,0,0.076923
563,0,0.076923
564,0.076923,0
565,0,0
566,0,1.92308
567,0,0.076923
568,0,0.384615
569,0,0
570,0.153846,0.153846
571,0.461538,0
572,0,0.076923
573,0.846153,2.76923
574,2,0
575,0,0.384615
576,0,0.384615
577,0,0
578,1.30769,0.923076
579,0,0.461538
580,0,0.307692
581,0,0
582,0,0
583,0,0.846153
584,0,0.076923
585,0,0
586,1.07692,2.92307
587,0,0
588,0,0
589,0,0
590,0.153846,0
591,0,0
592,0.999999,1.30769
593,0.692307,0.076923
594,0,0
595,0,0
596,0.230769,0.076923
597,0,0
598,0.230769,0
599,0,0.153846
600,0,0
601,0,0
602,0,0.153846
603,0,0.076923
604,0.076923,0
605,0,0
606,0,0.230769
607,0.230769,0
608,0,0.076923
609,0,0
610,0,0
611,0,0
612,0,0.076923
613,0.076923,0
614,0,0
615,0,0
616,0.230769,0
617,0,0
618,0,0
619,0,0
620,0.153846,0.230769
621,0.076923,0.230769
622,0,0.153846
623,0,0
624,0,0.230769
625,0.923076,1.92308
626,0,0
627,0,0
628,0,0
629,0.076923,0.230769
630,0,0
631,0,0
632,0,0.076923
633,0,0
634,0.923076,1.53846
635,0,0
636,0,0.076923
637,0,0
638,0.923076,0.307692
639,0,0
640,0.153846,0
641,0.307692,0
642,0,0
643,0,0
644,4.23076,0
645,0.076923,0.076923
646,1,0.461538
647,9.15384,0
648,0.076923,0.076923
649,0,0.230769
650,0,0
651,0.230769,0.076923
652,0,0
653,0.230769,0.076923
654,0.230769,0.999999
655,0,0
656,0,0
657,0,0
658,0,0.153846
659,0,1.46154
660,0,0
661,0,0.076923
662,0,0.76923
663,0.076923,0
664,0,0.076923
665,0,0
666,0.076923,0
667,0,0
668,0,0
669,0,0.153846
670,0,0.076923
671,0,0
672,0,0
673,0,0
674,0,0
675,0,0
676,0,0.153846
677,0,0.76923
678,0,0.076923
679,0,0.461538
680,0,0
681,0.307692,1.07692
682,0,0
683,0.153846,0.076923
684,0.076923,0
685,0,0
686,0,0
687,0,0
688,0,0
689,0,0
690,0,0
691,0.307692,0.153846
692,0.153846,0
693,0.076923,0
694,0,0
695,0.384615,0.384615
696,0,0
697,0,0.076923
698,0,0
699,0.076923,0
700,0,0
701,2.92307,0
702,0,0.615384
703,0,0
704,0,0.153846
705,0,0
706,0,0
707,0,0
708,0,0
709,0,0.076923
710,0,0
711,0,0
712,0,0
713,0,0
714,0.076923,0
715,0,0
716,0,0.307692
717,0,0.153846
718,0.153846,0.538461
719,0,0.076923
720,0,0
721,0.076923,0
722,0,0
723,0,0
724,0,0
725,0,0
726,0,0
727,0,0
728,0,0.076923
729,0,0
730,0,0
731,0,0
732,0,0.461538
733,0,0
734,0,0
735,0,0
736,0,0
737,0,0
738,0,0.076923
739,0,0
740,0,0
741,0,0
742,0,0
743,0,0
744,0,0
745,0,0
746,0,0
747,0,0
748,0,0
749,0,0
750,0,0
751,0,0
752,0,0
753,0,0
754,0,0
755,0,0
756,0,0
757,0,0
758,0,0.153846
759,0,0.076923
760,0,0
761,0,0
762,0,0
763,0,0
764,0,0
765,0,0
766,0,0
767,0,0
768,0,0
769,0,0
770,0,0
771,0,0
772,0,0
773,0,0
774,0,0
775,0,0
776,0,0
777,0,0
778,0,0
779,0,0
Imbalance analysis (in edges contribution):
Vertex,PositiveSum,NegativeSum
0,0,0
1,0,0
2,0,0
3,0,0.076923
4,0,0
5,0,0
6,0,0
7,0,0
8,0,0
9,0,0
10,0,0
11,0,0
12,0,0
13,0,0
14,0,0
15,0,0
16,0,0
17,0,0.153846
18,0,0
19,0,0
20,0,0
21,0,0
22,0,0
23,0,0
24,0,0
25,0,0
26,0,0
27,0,0
28,0,0
29,0,0
30,0,0
31,0,0
32,0,0
33,0,0
34,0,0.076923
35,0,0
36,0.999999,0
37,0,0
38,0,0
39,0,0.307692
40,0,0
41,0.923076,0
42,0.076923,0
43,0,0
44,0,0
45,0.076923,0
46,0,0
47,0,0.076923
48,0.153846,0
49,0,0
50,0.461538,0.076923
51,0.076923,0
52,0,0
53,0,0
54,0.076923,0
55,0,0
56,0,0
57,0,0
58,0.384615,0.461538
59,0,0
60,0,0
61,0,0
62,0,0
63,0,0
64,0,0
65,0,0
66,0,0
67,0,0
68,0,0
69,0.076923,0.076923
70,0.461538,0.230769
71,0,0
72,0,0
73,0,0
74,0,0
75,0.384615,0
76,0,0
77,0,0
78,0,0
79,0.076923,0
80,0,0
81,0,0.076923
82,0.230769,0.999999
83,0.076923,0
84,0,0
85,0,0
86,0.307692,0
87,0,0
88,0,0.076923
89,0,0
90,0,0
91,0,0.076923
92,0,0
93,0,0
94,0,0
95,0,0.076923
96,0,0.076923
97,0,0.076923
98,0,0
99,0,0
100,0,0
101,0,0
102,0.615384,0
103,0,0.461538
104,0,0
105,0.076923,0
106,0.076923,0
107,0,0.153846
108,0,0
109,0,0
110,0,0
111,0,0
112,0,0
113,0.076923,0.307692
114,0,0
115,0.153846,0
116,0,0
117,1.38461,0
118,0,0
119,0.692307,0.307692
120,0,0
121,0,0
122,0,0
123,0,0
124,0,0.307692
125,0,0
126,0.153846,0
127,0,0.076923
128,0,0
129,0,0
130,0,0.307692
131,0.461538,0.230769
132,0,0
133,0,0
134,0.076923,0
135,0,0
136,0,0
137,0,0
138,0,0
139,0.615384,0.076923
140,0.538461,3.84615
141,0,0
142,0,0.076923
143,0,0
144,0.307692,0
145,0.076923,0
146,0,0
147,0,0
148,0,0
149,0.076923,0.076923
150,0.076923,0
151,0,0
152,0,0.076923
153,0,0
154,0,0.076923
155,2.15384,0
156,0,0
157,0,0.076923
158,0.692307,0.538461
159,0,0
160,0.076923,0
161,0,0.230769
162,0.076923,0.384615
163,0,0.076923
164,0,0
165,0,0.153846
166,0.153846,0
167,0,0
168,0.230769,0.153846
169,5,0
170,0.076923,0.076923
171,0.384615,2.61538
172,0.076923,0.076923
173,0,0
174,0,0
175,0,0
176,0,0.384615
177,0,0.153846
178,0,0.153846
179,0,0
180,0.076923,0.076923
181,0,0
182,0,0.153846
183,0,0.076923
184,0.846153,0.153846
185,0,0.153846
186,0,0
187,0,0.153846
188,0,0
189,0.076923,0.076923
190,0,0
191,0,0.153846
192,0,0
193,0,0.076923
194,0,0
195,0,0
196,0,0.076923
197,0,0
198,0,0.076923
199,0,0
200,0,0
201,0,0
202,0,0
203,0.615384,0.461538
204,0,0.076923
205,0.076923,0.076923
206,0,0
207,0,0
208,0.076923,0
209,0,0.076923
210,0.230769,0
211,0,0.076923
212,0,0
213,1.30769,0.307692
214,0,0
215,0,0
216,0,0
217,0.384615,0.461538
218,0,0.230769
219,0,0
220,0,0
221,0,0
222,0.153846,0.230769
223,0,0.230769
224,0.076923,0.076923
225,0,0.076923
226,0,0
227,0,0
228,0.076923,0.076923
229,0.230769,0
230,0,0
231,0.384615,0
232,0,0
233,0,0
234,0.076923,0.076923
235,0,0.153846
236,0,0.230769
237,0,0
238,0.384615,0
239,6.61538,0
240,0,0.230769
241,0.153846,0
242,0,0.153846
243,0,0
244,1.15385,0.076923
245,0,0.076923
246,0.076923,0
247,1.23077,0.76923
248,0.461538,0
249,0,0
250,0,0
251,0,0
252,0,0
253,0.153846,0.307692
254,0,0
255,4.23076,0
256,0.076923,0
257,0.076923,0
258,0.538461,0.307692
259,0,0.230769
260,0.923076,0.076923
261,0,0
262,0,0.076923
263,1.69231,0.076923
264,0,0
265,0,1.92307
266,0,0
267,0,0
268,0,0
269,0,0
270,0,0
271,0.230769,0
272,0,0.384615
273,0.384615,0.230769
274,0,0
275,0,0
276,0.076923,0.307692
277,0,0.153846
278,0,0
279,0,0.461538
280,0,0
281,0,0
282,0.384615,0.076923
283,0,0.230769
284,0,0
285,0,0.230769
286,1.30769,0.076923
287,0.307692,0.076923
288,0,0
289,0.153846,0
290,0.153846,0.153846
291,0,1.38461
292,0.153846,0.076923
293,0,0
294,1.46154,1.23077
295,0,0.153846
296,0.461538,0.307692
297,0,0
298,0.153846,0.076923
299,0.153846,0.076923
300,1.46154,0.692307
301,0.076923,0.076923
302,0,0
303,0.076923,0
304,0,0
305,0,0
306,0,0
307,0,0
308,0,0
309,0,0.076923
310,0.307692,0.076923
311,0,0
312,0,0
313,0.153846,0.076923
314,0,0
315,0.307692,0.230769
316,0,0.999999
317,0,0
318,0.076923,0
319,0,0
320,2.15384,2.38461
321,0,0
322,0,0.076923
323,0,0
324,0,0.76923
325,1.30769,0.076923
326,0,0
327,0.538461,0.692307
328,0,0.076923
329,0.076923,0
330,0.76923,0.153846
331,1.15385,0.076923
332,1.46154,1.38461
333,0.153846,0.076923
334,1.69231,0.153846
335,1.46154,1.38461
336,0,0.076923
337,0,0
338,0,0
339,0,0
340,0,0.076923
341,1.61538,0.692307
342,0,0
343,0.999999,0.230769
344,0.076923,1.38461
345,0.153846,0.076923
346,0,0.076923
347,0.615384,0.076923
348,0,0.153846
349,0,0
350,0,0
351,13.7692,0
352,0,0
353,2.53846,0.076923
354,0.076923,0.230769
355,0,0.076923
356,0,0
357,0.076923,0.076923
358,0,0.846153
359,0,0.846153
360,0,0.615384
361,0,1.69231
362,0,0
363,0,0.153846
364,0,0
365,0.076923,0
366,0.076923,0.076923
367,0,0
368,0,0
369,2.07692,0.846153
370,0,0
371,0,0
372,0,0.230769
373,0.307692,6.23076
374,0.153846,0.76923
375,0.076923,0
376,0.153846,0
377,0,0
378,0,0.230769
379,0.076923,0.076923
380,0,0
381,0,0
382,0,0
383,0,0
384,0.153846,0.692307
385,0,0
386,0,0.846153
387,0,0.076923
388,0,0
389,0.076923,0.230769
390,1.61538,0.538461
391,0,0
392,0.153846,0
393,0.153846,0.923076
394,0,0
395,0,0
396,0,0
397,0,0
398,0.076923,0.076923
399,0,0
400,0,0.384615
401,1.46154,7.38461
402,0.076923,0.692307
403,0,0
404,1.92308,3.92307
405,0,0
406,0.384615,0
407,0,0
408,0,0
409,0,0
410,0,0.615384
411,0,0
412,1.69231,1.53846
413,0.153846,0.076923
414,0,0
415,0.076923,1.76923
416,0.461538,0
417,0,0.153846
418,0,0
419,19,0.076923
420,0,0
421,0,0.153846
422,0,0.153846
423,1.76923,0.076923
424,0,0.153846
425,0,0.384615
426,0.153846,0
427,0,0
428,0,0.153846
429,0,0
430,0,0
431,0,0
432,0,0
433,0,0.076923
434,0,0
435,0.076923,0
436,0,0
437,0,0
438,0.76923,0
439,0,0.846153
440,0,0
441,0.153846,0
442,0,1.92307
443,0,4.53846
444,0,0
445,0,0
446,0.153846,0.076923
447,0.153846,0.076923
448,0,0
449,2.76923,11.5385
450,0.153846,0.076923
451,2.84615,3.92307
452,0,0.153846
453,0,0
454,1.23077,0.153846
455,0.153846,0.076923
456,0,0
457,0,0.153846
458,0,0.153846
459,0,0
460,3,7.6923
461,19.7692,0
462,0.230769,0.692307
463,0.076923,0.230769
464,0,0.307692
465,0,0
466,0,0
467,0,0.076923
468,0,0
469,0.153846,0.076923
470,0,0.230769
471,2.30769,0.076923
472,0,0
473,0,0
474,0,0.153846
475,0,0
476,0.153846,0.076923
477,0,0.230769
478,2.76923,2.6923
479,11.3846,0
480,0,0.461538
481,0.615384,0.76923
482,0,4
483,2.53846,0.153846
484,0,0
485,0,0.153846
486,0,0
487,0.846153,0
488,0.153846,0.153846
489,0,0.153846
490,0,0.846153
491,28.9231,0
492,3.46154,5.07692
493,0.384615,0.076923
494,0.307692,0.076923
495,1.46154,0.615384
496,0.230769,6.6923
497,2.30769,0.692307
498,0.538461,0
499,0,0.923076
500,0,0
501,0,0
502,0.999999,0.076923
503,0,0.230769
504,0,0.076923
505,0,0
506,0.307692,0.307692
507,0.230769,0.076923
508,3.76923,3.15384
509,0.230769,0.076923
510,0.461538,0.153846
511,0,0.230769
512,0,0.153846
513,0,0
514,0,0
515,2.69231,11.5385
516,0.538461,0
517,3.92307,5.53846
518,0,0
519,1.46154,0
520,0,0
521,3.76923,1.53846
522,0.384615,0.076923
523,2.15384,1.92308
524,0.538461,0.153846
525,0,0
526,0,0.384615
527,0,0.461538
528,0.153846,0.230769
529,0.230769,0.153846
530,0,0
531,0.538461,1.23077
532,2,26.0769
533,0,0.076923
534,0.076923,0.615384
535,0,0.153846
536,0,0.076923
537,0.076923,1.61538
538,8.61538,0
539,0.153846,0.307692
540,6.84615,0.153846
541,2.92307,0
542,0,1.23077
543,0.615384,0.384615
544,3.30769,0.384615
545,0.230769,0.384615
546,0.076923,0.307692
547,0,0.076923
548,2,3.76923
549,0.153846,0.461538
550,0.076923,0.461538
551,0,0.076923
552,0.153846,0.076923
553,0,0.076923
554,0,0.076923
555,4.38461,1.53846
556,0,0.076923
557,0.153846,0.538461
558,0,0.538461
559,0,0.076923
560,0,0.153846
561,0.076923,0.384615
562,0.230769,0.230769
563,0.076923,0.692307
564,0.076923,0
565,0,0.076923
566,0,3.30769
567,0.230769,0.230769
568,0,0.153846
569,0,0
570,0.461538,0
571,2.69231,0.153846
572,0,0.153846
573,4.6923,5.84615
574,3.23077,0
575,0,0.076923
576,0,0.999999
577,0,0.076923
578,3.76923,3.30769
579,0.153846,0.307692
580,0.153846,0.923076
581,0,0.076923
582,0,0.076923
583,0.153846,2.46154
584,0.076923,0.461538
585,0,0
586,5,13
587,0,0.076923
588,0,0.076923
589,0.153846,0.076923
590,0.692307,0.153846
591,0,0.076923
592,3.53846,5.99999
593,3.46154,0
594,0,0
595,0,0
596,0.846153,0.230769
597,0,0.076923
598,0.076923,0.230769
599,0,0.846153
600,0.384615,0.153846
601,0,0.076923
602,0,0.846153
603,0.230769,0.230769
604,0.538461,0.384615
605,0,0.076923
606,0,1.15385
607,0.153846,0.307692
608,0,0.76923
609,0,0.076923
610,0,0.076923
611,0,0.538461
612,0.230769,0.230769
613,0.076923,0
614,0,0.076923
615,0,0.076923
616,0.076923,0.307692
617,0,0
618,0,0.076923
619,0,0
620,0.076923,0.384615
621,0.153846,0.384615
622,0.153846,0.76923
623,0,0.076923
624,0,1.38461
625,3.07692,7.99999
626,0,0
627,0,0.076923
628,0,0.076923
629,0.153846,1.76923
630,0,0.230769
631,0,0.076923
632,0.461538,0
633,0,0.153846
634,2.53846,8.23076
635,0,0.076923
636,0,1.23077
637,0,0.076923
638,3.38461,0.230769
639,0,0.076923
640,0.692307,0
641,0.384615,0.153846
642,0,0.076923
643,0,0.076923
644,18.4615,0.307692
645,0.153846,0.230769
646,4.76923,1.61538
647,38.6154,0
648,2.30769,0.923076
649,0.153846,0.999999
650,0,0.230769
651,3.23077,0.153846
652,0,0
653,3.23077,0.153846
654,3.15384,3.53846
655,0,0.230769
656,0,0.615384
657,0,0.076923
658,0,0.384615
659,0.076923,7.38461
660,1.07692,0
661,0.076923,0.692307
662,0,6.38461
663,0.230769,0.307692
664,0.076923,0.461538
665,0,0.230769
666,0.615384,0.153846
667,0,0.076923
668,0,0
669,0,0.615384
670,0.076923,0.692307
671,0,0.076923
672,0,0.230769
673,0,0.076923
674,0,0
675,0,0.076923
676,0,0.384615
677,0.538461,4.46153
678,0.461538,0.307692
679,0,1.84615
680,0,0
681,3.61538,10.7692
682,0.230769,0.307692
683,2.69231,2.23077
684,0,0.384615
685,0,0.076923
686,0,0.076923
687,0,0.076923
688,0,0.076923
689,0,0.076923
690,0,0.076923
691,5.46154,1.92308
692,3.76923,0.999999
693,0.230769,0.307692
694,0,0.076923
695,4.69231,3.84615
696,0,0.230769
697,0,0.923076
698,0,0.076923
699,2.84615,0.615384
700,0,0.076923
701,26.3846,0.384615
702,0,4.76923
703,0,0.076923
704,0.615384,0.923076
705,0.307692,0.307692
706,0,0.538461
707,0,0
708,0,0.076923
709,0,0.923076
710,0,0.076923
711,3.46154,0.230769
712,0,0.076923
713,0.230769,0.307692
714,3.53846,2.07692
715,0,0.615384
716,0.461538,2.15384
717,0,0.384615
718,5,9.30768
719,0.153846,0.76923
720,0.153846,0.076923
721,2.53846,0.230769
722,0,0.076923
723,0,0.076923
724,0.307692,0.307692
725,0,0.076923
726,0,0.076923
727,0,0.076923
728,5,2.07692
729,0,0.076923
730,0,0.076923
731,0,0.076923
732,4.92307,13.3077
733,0,0.076923
734,0,0.076923
735,0,0
736,0.076923,0.76923
737,0,0.307692
738,0,0.692307
739,0,0.538461
740,0,0.076923
741,0.692307,0.076923
742,0,0.076923
743,0,0.076923
744,0,0.076923
745,0,0.538461
746,0.153846,2.46154
747,0.307692,0.230769
748,0.538461,0.230769
749,0.307692,0
750,4.76923,0.999999
751,0.461538,0.076923
752,0,0.076923
753,0.538461,1.15385
754,0,0.076923
755,0.307692,0.307692
756,3.46154,0.384615
757,0.538461,0.230769
758,3.23077,4.07692
759,0.153846,3.76923
760,0,0.076923
761,0.076923,0.538461
762,0,0.076923
763,0,0.076923
764,0,0.076923
765,0,0.999999
766,0.461538,0.846153
767,2.30769,0.692307
768,0.153846,1.30769
769,0.307692,0.230769
770,0.076923,1.15385
771,0,0
772,0,0
773,0,0
774,0.076923,1.15385
775,0,0
776,0.538461,0.307692
777,0,0
778,0.307692,1.23077
779,0.076923,1.15385

Cluster contribution to imbalance analysis (cluster-cluster matrix):
393.461, 228.154, 
245.231, 1.46154, 

